from_zone_id,to_zone_id,number_of_agents,number_of_agents_completing_trips,trip_time_in_min,distance
16,1,15,15,18.3133,1.8425
16,2,29,29,16.262,1.03697
16,17,27,27,17.8867,1.30851
16,18,29,29,18.5513,1.85317
16,19,58,58,17.794,1.62596
16,20,59,59,18.5526,1.2862
16,21,59,59,17.5633,1.11608
16,22,30,30,14.9961,0.76355
16,25,61,61,19.0811,1.43853
16,26,59,59,18.73,1.44418
16,27,57,57,18.2196,1.17519
16,34,29,29,18.2842,1.54806
16,36,58,58,19.7152,1.84645
16,37,61,61,18.2956,1.91374
16,38,30,30,20.3873,1.364
16,41,23,23,17.5863,2.09981
16,42,29,29,18.7281,1.88756
16,43,15,15,19.6682,1.53073
16,59,104,104,19.6795,3.41768
16,88,105,105,21.4319,5.03604
16,92,3033,3033,19.2278,4.17768
16,94,2935,2935,85.3087,4.10386
16,104,3032,3032,20.2132,5.14021
16,105,28,28,18.5103,1.90694
16,106,27,27,17.363,1.62448
16,107,28,28,19.7129,1.65551
16,108,28,28,17.3378,1.48653
16,109,28,28,17.6916,1.25444
16,110,31,31,18.4224,1.25243
16,111,30,30,19.0333,1.18924
16,112,31,31,17.3717,1.09448
16,113,29,29,17.3605,1.89594
16,114,60,60,17.446,1.84838
16,115,61,61,17.9142,1.86797
16,116,61,61,17.9387,1.83634
16,117,60,60,18.043,1.70208
16,118,59,59,18.0132,1.47317
16,119,58,58,17.4282,1.44378
16,120,59,59,17.6001,1.413
16,121,57,57,17.2686,1.27994
16,122,57,57,17.9853,1.21525
16,123,59,59,17.4036,1.04779
16,124,88,88,17.7991,1.12927
16,125,90,90,17.3162,1.08946
16,126,85,85,17.2085,1.06611
16,127,88,88,16.4987,1.03104
16,128,86,86,16.5051,0.857607
16,129,90,90,16.736,0.885814
16,130,86,86,16.7861,0.63328
16,131,59,59,16.096,0.688913
16,132,14,14,14.85,0.46142
16,134,28,28,18.307,1.88246
16,135,59,59,18.4254,1.94526
16,136,61,61,17.5387,1.87423
16,137,58,58,18.3064,1.6323
16,138,61,61,17.844,1.52929
16,139,59,59,18.9922,1.53033
16,140,59,59,17.8969,1.25633
16,141,58,58,17.7102,1.2336
16,142,58,58,17.0905,1.15297
16,143,58,58,16.3747,1.08035
16,144,59,59,16.8357,1.04936
16,145,58,58,16.1193,0.942957
16,146,59,59,16.5038,1.00618
16,147,60,60,16.5676,0.938707
16,148,60,60,16.3339,0.882635
16,149,62,62,16.2192,0.763938
16,150,59,59,16.0634,0.664733
16,151,60,60,15.9574,0.649825
16,152,61,61,16.0998,0.507828
16,153,30,30,14.5369,0.521266
16,155,30,30,18.5822,1.80355
16,156,57,57,18.7859,1.84946
16,157,58,58,17.8303,1.9742
16,158,59,59,18.1405,1.9892
16,159,58,58,18.3528,1.71183
16,160,57,57,18.2019,1.52404
16,161,58,58,18.6071,1.59696
16,162,61,61,17.9329,1.39171
16,163,59,59,18.4746,1.39422
16,164,59,59,17.025,1.17211
16,165,59,59,17.5008,1.06437
16,166,61,61,17.78,1.21862
16,167,60,60,17.1587,1.17596
16,168,59,59,16.5989,1.07221
16,169,61,61,16.2622,0.826406
16,170,60,60,16.3048,0.870657
16,171,62,62,15.7944,0.71931
16,172,60,60,16.4697,0.744733
16,173,58,58,16.0944,0.71756
16,174,27,27,16.5077,0.714944
16,176,29,29,17.4719,1.80754
16,177,60,60,18.2809,1.84825
16,178,60,60,18.1597,1.8519
16,179,57,57,18.4304,1.74913
16,180,60,60,18.4287,1.63614
16,181,61,61,18.0445,1.59103
16,182,60,60,18.6857,1.53176
16,183,60,60,18.3092,1.44107
16,184,59,59,18.426,1.37988
16,185,61,61,17.7811,1.30875
16,186,57,57,17.5045,1.18891
16,187,58,58,17.7175,1.20538
16,188,57,57,18.3595,1.20175
16,189,59,59,17.9881,1.06032
16,190,61,61,18.0216,1.00464
16,191,58,58,16.8959,0.817997
16,192,60,60,16.8756,0.952024
16,193,58,58,17.4766,0.830535
16,194,58,58,16.2893,0.694943
16,195,27,27,15.5003,0.619202
16,197,57,57,18.0157,2.01806
16,198,60,60,18.0865,1.90272
16,199,57,57,19.2734,1.79821
16,200,59,59,19.0822,1.77479
16,201,61,61,18.3736,1.60387
16,202,60,60,17.4698,1.45273
16,203,58,58,18.1651,1.42592
16,204,60,60,17.9275,1.32457
16,205,58,58,17.5543,1.33132
16,206,59,59,18.1172,1.37529
16,207,61,61,18.7629,1.31921
16,208,60,60,18.323,1.21186
16,209,62,62,17.5811,0.909685
16,210,61,61,17.9986,1.00219
16,211,61,61,17.6479,0.756548
16,213,28,28,18.8865,1.48162
16,214,59,59,18.5393,1.54169
16,215,60,60,19.1531,1.65637
16,216,59,59,18.3349,1.71656
16,217,57,57,18.0411,1.71385
16,218,57,57,18.0903,1.69101
16,219,58,58,18.312,1.68225
16,220,61,61,17.5531,1.57707
16,221,59,59,18.3343,1.6126
16,222,58,58,18.5867,1.42617
16,223,63,63,17.341,1.33917
16,224,60,60,17.9834,1.32934
16,225,58,58,18.588,1.41217
16,226,59,59,17.9614,1.479
16,227,57,57,18.0186,1.22157
16,228,57,57,17.4468,1.2455
16,229,59,59,17.7319,0.902063
16,230,59,59,17.9065,1.05845
16,231,57,57,17.5534,0.853409
16,232,28,28,18.7756,0.876541
16,234,31,31,17.2322,1.51723
16,235,59,59,19.3729,1.5282
16,236,61,61,18.1667,1.91668
16,237,57,57,18.5654,1.88252
16,238,58,58,19.2273,1.85029
16,239,62,62,19.2123,1.73177
16,240,58,58,18.501,1.68957
16,241,60,60,18.2852,1.57844
16,242,59,59,18.1256,1.49606
16,243,61,61,17.4109,1.39523
16,244,60,60,17.3868,1.33657
16,245,57,57,18.3427,1.49996
16,246,61,61,17.6779,1.4053
16,247,58,58,18.9371,1.31942
16,248,58,58,18.839,1.24204
16,249,58,58,18.7344,1.21026
16,250,59,59,18.9405,1.16171
16,251,58,58,18.1036,1.0399
16,252,58,58,17.9913,1.01671
16,253,28,28,18.0888,1.05438
16,255,30,30,17.9617,1.2722
16,256,59,59,17.461,1.23143
16,257,59,59,18.578,1.35394
16,258,58,58,18.7418,1.50087
16,259,59,59,18.4891,1.53982
16,260,58,58,19.0597,1.76236
16,261,59,59,18.5089,1.81702
16,262,60,60,18.3266,1.7048
16,263,60,60,19.2803,1.65506
16,264,59,59,18.3483,1.55082
16,265,58,58,17.9034,1.45916
16,266,60,60,18.7257,1.42721
16,267,57,57,18.6079,1.5286
16,268,59,59,18.3779,1.41655
16,269,60,60,18.7864,1.48022
16,270,59,59,18.7536,1.28598
16,271,58,58,18.7164,1.32924
16,272,58,58,18.2761,1.16735
16,273,60,60,18.5214,1.19525
16,274,28,28,18.2497,1.11382
16,276,30,30,18.2707,1.02829
16,277,61,61,18.0081,1.19167
16,278,62,62,18.9352,1.40585
16,279,59,59,17.5148,1.35655
16,280,61,61,18.9356,1.64474
16,281,59,59,18.6699,1.62873
16,282,58,58,19.3017,1.73481
16,283,59,59,19.1629,1.70392
16,284,58,58,18.8358,1.58454
16,285,60,60,17.7356,1.49373
16,286,59,59,18.9086,1.45009
16,287,57,57,18.3258,1.44831
16,288,58,58,18.3156,1.42735
16,289,59,59,18.4562,1.3897
16,290,57,57,18.3045,1.33877
16,291,60,60,18.0512,1.25071
16,292,57,57,17.1343,1.2006
16,293,60,60,17.3793,1.1571
16,294,60,60,17.8819,1.0562
16,295,14,14,18.0549,1.06446
16,297,23,23,17.0068,1.15373
16,298,58,58,18.0477,1.19036
16,299,56,56,17.47,1.24768
16,300,59,59,17.7405,1.22689
16,301,59,59,17.9303,1.22916
16,302,60,60,18.4613,1.56713
16,303,60,60,18.9449,1.52461
16,304,59,59,18.4835,1.55476
16,305,59,59,18.4566,1.53294
16,306,62,62,18.2228,1.41199
16,307,58,58,17.7356,1.41259
16,308,59,59,17.6169,1.33862
16,309,59,59,18.5757,1.3155
16,310,60,60,17.6982,1.14127
16,311,58,58,17.5915,1.11652
16,312,60,60,17.687,1.04177
16,313,29,29,18.3206,1.10245
16,314,59,59,17.7649,1.02432
16,315,59,59,17.7819,1.16671
16,316,60,60,18.0192,1.16235
16,317,58,58,18.5261,1.31359
16,318,59,59,17.8715,1.45847
16,319,57,57,19.2792,1.52461
16,320,58,58,18.8482,1.5764
16,321,57,57,18.9739,1.54296
16,322,59,59,19.5946,1.50467
16,323,59,59,19.619,1.59553
16,324,59,59,18.0224,1.48709
16,325,59,59,18.4685,1.52399
16,326,59,59,18.0481,1.36869
16,327,59,59,19.2453,1.52283
16,328,60,60,17.5974,1.25751
16,329,59,59,18.6226,1.36446
16,330,59,59,17.2774,1.04532
16,331,15,15,18.4929,1.1323
16,333,30,30,18.898,1.27375
16,334,57,57,18.5849,1.38454
16,335,60,60,17.9931,1.33272
16,336,59,59,17.6492,1.28896
16,337,59,59,19.8051,1.62768
16,338,59,59,19.5064,1.66826
16,339,58,58,19.3031,1.69068
16,340,60,60,19.656,1.63557
16,341,59,59,19.0522,1.64222
16,342,57,57,18.637,1.60942
16,343,61,61,18.6786,1.5416
16,344,60,60,18.1884,1.47045
16,345,58,58,18.4659,1.49393
16,346,60,60,17.8978,1.39077
16,347,60,60,18.6705,1.30223
16,348,58,58,17.9589,1.20182
16,349,58,58,18.4549,1.1596
16,350,26,26,16.802,1.07149
16,352,30,30,19.0794,1.24256
16,353,59,59,17.8051,1.38676
16,354,58,58,18.1457,1.30982
16,355,58,58,18.0536,1.45273
16,356,59,59,18.4168,1.43199
16,357,60,60,18.9905,1.62169
16,358,60,60,19.2121,1.62794
16,359,61,61,19.0566,1.63486
16,360,60,60,19.7408,1.64624
16,361,61,61,19.2087,1.68626
16,362,59,59,19.3936,1.86812
16,363,59,59,19.1398,1.53832
16,364,58,58,19.5908,1.54824
16,365,60,60,18.4339,1.39938
16,366,59,59,19.1776,1.44895
16,367,59,59,18.184,1.28742
16,368,30,30,17.3493,1.4138
16,370,28,28,18.7507,1.62363
16,371,61,61,18.0602,1.62031
16,372,59,59,18.8044,1.7286
16,373,60,60,18.7181,1.73046
16,374,56,56,20.1842,1.83692
16,375,59,59,19.4679,1.83194
16,376,57,57,19.765,1.71858
16,377,58,58,18.4113,2.15461
16,378,58,58,19.1691,2.17618
16,379,57,57,18.5663,2.05019
16,380,56,56,18.5119,1.94563
16,381,58,58,17.917,1.93204
16,382,58,58,19.2321,1.44854
16,383,57,57,18.9607,1.45091
16,384,58,58,18.8346,1.3993
16,385,26,26,19.1456,1.40557
16,387,59,59,18.0251,1.66371
16,388,60,60,19.2696,1.71448
16,389,59,59,19.3953,1.83503
16,390,63,63,19.4915,1.97979
16,391,60,60,18.6858,2.08485
16,392,60,60,18.5953,2.08228
16,393,61,61,18.0651,2.11265
16,394,61,61,18.4023,1.96639
16,395,59,59,18.4887,2.01214
16,396,59,59,19.0379,2.03387
16,397,61,61,18.5611,1.99931
16,398,29,29,19.2373,1.5472
16,399,60,60,18.1597,1.61257
16,400,59,59,19.8183,1.94307
16,401,58,58,19.6481,1.87088
16,402,57,57,18.9025,2.08882
16,403,60,60,18.7839,2.12785
16,404,60,60,18.636,2.17394
16,405,59,59,18.8764,2.03775
16,406,59,59,18.2466,1.98241
16,407,58,58,19.3489,1.97
16,408,59,59,18.8361,1.93083
16,409,59,59,18.3953,1.93064
16,410,59,59,19.1239,1.97782
16,411,31,31,17.6046,1.91567
16,413,29,29,17.9647,1.9677
16,414,59,59,19.0083,2.16956
16,415,60,60,19.4483,2.27956
16,416,59,59,18.9749,2.19314
16,417,60,60,19.1023,2.12355
16,418,60,60,19.5723,2.07026
16,419,59,59,18.7861,2.04464
16,420,59,59,19.0002,1.93693
16,421,58,58,18.1559,1.94373
16,422,59,59,18.1609,1.89911
16,423,59,59,18.5395,1.74532
16,424,59,59,19.0503,1.79958
16,425,29,29,17.2641,1.75357
16,427,31,31,19.1816,2.18002
16,428,58,58,18.9784,2.14658
16,429,58,58,19.2389,2.0968
16,430,59,59,19.0533,2.2347
16,431,57,57,19.6958,2.16035
16,432,58,58,18.5619,1.96502
16,433,56,56,19.3486,2.0242
16,434,58,58,18.7915,1.9394
16,435,59,59,19.1844,1.98989
16,436,58,58,18.6909,1.84171
16,437,61,61,17.81,1.74161
16,438,29,29,18.9543,1.70044
16,440,27,27,18.4304,2.17786
16,441,58,58,18.056,2.16867
16,442,60,60,18.4275,2.04719
16,443,58,58,19.3019,2.00839
16,444,58,58,18.1435,2.03916
16,445,59,59,17.7794,1.94845
16,446,62,62,18.1737,1.90276
16,447,59,59,18.0101,1.7977
16,448,58,58,17.3477,1.77916
16,449,61,61,17.4514,1.69131
16,450,30,30,16.0922,1.62245
16,452,29,29,17.5992,2.01361
16,453,29,29,18.686,2.01044
16,454,28,28,18.4634,1.83501
16,455,30,30,19.1772,1.91548
16,456,27,27,17.1807,1.74585
16,457,28,28,15.6501,1.71452
16,458,28,28,19.5161,1.74143
16,459,56,56,17.4523,0.942059
16,461,54,54,17.9867,0.99567
16,466,114,114,17.6735,1.07593
16,467,56,56,18.8318,1.4018
16,468,56,56,17.9907,1.4517
16,469,54,54,18.4883,1.85827
16,470,56,56,17.9799,2.12589
16,471,56,56,18.3119,2.10376
16,473,3,3,20.4667,1.98909
16,474,3,3,16.443,1.88901
16,475,1,1,27.0415,2.57291
16,476,3,3,3.58278,1.74799
16,477,1,1,16.3701,1.62372
16,480,2,2,26.8572,2.38403
16,481,6,6,9.14454,2.1133
16,482,5,5,25.5381,2.01239
16,483,3,3,17.3417,1.98154
16,486,3,3,18.5583,2.27068
16,487,5,5,20.8992,2.13666
16,488,2,2,23.6635,2.22258
16,491,2,2,17.0346,2.43151
16,492,1,1,3.78693,2.36937
16,493,4,4,20.8871,2.42026
16,496,3,3,26.0393,2.49364
16,497,5,5,23.775,2.39855
16,500,5,5,21.3182,2.05267
16,501,4,4,17.939,2.25975
16,502,2,2,6.5132,2.57046
16,503,3,3,22.2269,2.86614
16,530,3032,3032,18.6954,3.66328
16,531,3032,3032,18.6012,3.59088
92,1,16,16,30.2064,3.84637
92,2,27,27,31.3241,3.94136
92,16,3030,3030,29.7962,4.27693
92,17,29,29,29.776,3.9741
92,18,29,29,29.8367,3.62936
92,19,58,58,30.901,3.45852
92,20,58,58,29.965,3.31933
92,21,56,56,31.835,3.85868
92,22,29,29,32.0862,3.8626
92,25,59,59,29.4741,3.05965
92,26,61,61,29.1055,2.74895
92,27,57,57,29.3757,3.24087
92,34,29,29,30.1486,3.45677
92,36,59,59,30.6847,3.17499
92,37,59,59,30.3341,3.45246
92,38,30,30,30.8928,3.76783
92,41,22,22,35.9214,4.08713
92,42,29,29,31.062,4.55277
92,43,14,14,32.767,3.96736
92,59,105,105,31.4025,4.48251
92,88,103,103,25.574,1.57245
92,94,2935,2935,87.6824,0.550546
92,104,3034,3034,24.2767,1.67819
92,105,26,26,30.7325,4.05316
92,106,28,28,33.6512,4.20075
92,107,31,31,30.2801,3.99583
92,108,29,29,30.7718,3.93977
92,109,27,27,29.9831,3.92917
92,110,29,29,30.3015,3.82034
92,111,28,28,34.1606,4.2233
92,112,29,29,33.857,3.82106
92,113,29,29,31.1816,3.87517
92,114,59,59,30.7919,3.83403
92,115,59,59,31.2774,3.7985
92,116,58,58,32.122,3.98966
92,117,61,61,31.7279,3.94453
92,118,57,57,31.3102,3.78528
92,119,59,59,30.8274,3.77412
92,120,60,60,32.0404,3.92487
92,121,58,58,31.7713,3.81509
92,122,59,59,32.4217,4.06169
92,123,59,59,31.7849,3.499
92,124,88,88,31.488,3.62949
92,125,86,86,32.1821,3.74914
92,126,89,89,31.6817,3.79777
92,127,86,86,31.5823,3.91551
92,128,85,85,31.4774,3.89719
92,129,91,91,32.5331,4.15083
92,130,85,85,32,4.23987
92,131,58,58,33.0587,4.28473
92,132,14,14,32.1467,4.03764
92,134,27,27,29.6194,3.94158
92,135,60,60,30.5329,3.79894
92,136,58,58,31.7299,3.87406
92,137,60,60,31.272,3.81339
92,138,58,58,31.6337,3.57676
92,139,57,57,31.1581,3.54461
92,140,60,60,31.6527,3.85519
92,141,59,59,31.6707,3.74467
92,142,59,59,32.5597,3.76533
92,143,57,57,32.4277,3.50939
92,144,60,60,30.8986,3.58263
92,145,60,60,31.4877,3.60688
92,146,56,56,33.3405,3.85186
92,147,57,57,32.805,3.93314
92,148,59,59,31.7626,4.09724
92,149,59,59,31.6755,3.91787
92,150,59,59,31.6075,4.12264
92,151,58,58,32.6806,4.23543
92,152,60,60,32.622,4.59928
92,153,30,30,34.07,4.308
92,155,29,29,32.3321,3.8159
92,156,59,59,31.844,3.91135
92,157,59,59,31.5518,3.87084
92,158,60,60,31.7865,3.72129
92,159,60,60,31.1898,3.8384
92,160,58,58,31.5073,3.73795
92,161,58,58,31.1365,3.64779
92,162,58,58,31.034,3.66985
92,163,59,59,31.5402,3.9114
92,164,57,57,31.5705,3.60292
92,165,59,59,30.1713,3.3882
92,166,58,58,30.275,3.38891
92,167,60,60,31.1207,3.56875
92,168,59,59,30.9161,3.53968
92,169,58,58,31.302,3.80097
92,170,58,58,31.0663,3.85375
92,171,59,59,32.1724,3.85862
92,172,61,61,31.019,3.94825
92,173,60,60,31.3012,3.9783
92,174,30,30,32.9036,4.15154
92,176,26,26,30.9419,3.69254
92,177,59,59,31.4101,3.65124
92,178,59,59,30.9487,3.52924
92,179,59,59,31.9142,3.66667
92,180,58,58,30.8862,3.61404
92,181,58,58,31.504,3.39714
92,182,60,60,31.5936,3.62659
92,183,59,59,30.3687,3.50544
92,184,58,58,30.6777,3.51687
92,185,56,56,30.9144,3.35065
92,186,58,58,31.5591,3.34529
92,187,60,60,31.4784,3.54373
92,188,58,58,32.0118,3.8499
92,189,59,59,31.2553,3.67026
92,190,59,59,30.9433,3.88675
92,191,57,57,31.518,3.67585
92,192,60,60,31.8506,3.81115
92,193,59,59,31.907,3.77226
92,194,56,56,32.6223,4.07359
92,195,31,31,30.5563,3.85602
92,197,59,59,31.4809,3.68148
92,198,61,61,30.8972,3.67401
92,199,58,58,31.7553,3.63598
92,200,57,57,30.7609,3.45341
92,201,57,57,31.704,3.45839
92,202,61,61,31.7872,3.4769
92,203,57,57,30.4811,3.49685
92,204,58,58,30.0653,3.28945
92,205,59,59,29.9251,3.25525
92,206,59,59,30.7816,3.47643
92,207,60,60,30.9135,3.58066
92,208,58,58,30.0902,3.62875
92,209,61,61,29.2826,3.6392
92,210,60,60,30.4358,3.68297
92,211,60,60,31.0944,3.68747
92,213,28,28,29.1959,3.60851
92,214,59,59,31.5225,3.79199
92,215,59,59,31.3818,3.84457
92,216,59,59,31.9064,3.63761
92,217,60,60,31.1437,3.56969
92,218,58,58,29.954,3.33018
92,219,59,59,31.3579,3.33515
92,220,59,59,30.6938,3.42755
92,221,59,59,31.3437,3.31235
92,222,58,58,30.1411,3.54579
92,223,60,60,29.5985,3.21438
92,224,58,58,29.4347,3.29954
92,225,60,60,30.9652,3.30592
92,226,58,58,30.6496,3.39403
92,227,59,59,30.21,3.56542
92,228,60,60,30.8627,3.54077
92,229,58,58,31.0415,3.79026
92,230,59,59,30.0062,3.5868
92,231,59,59,31.3653,3.78343
92,232,30,30,29.3637,3.73546
92,234,30,30,29.801,3.70458
92,235,58,58,31.5037,3.8966
92,236,58,58,30.0666,3.53842
92,237,60,60,29.9594,3.51261
92,238,60,60,29.9344,3.42148
92,239,59,59,30.771,3.41755
92,240,59,59,29.6456,3.38924
92,241,58,58,29.9706,3.21589
92,242,61,61,30.8534,3.33145
92,243,58,58,30.5998,3.27104
92,244,60,60,30.6421,3.1516
92,245,61,61,29.7309,3.01975
92,246,59,59,30.9625,3.30511
92,247,61,61,30.8071,3.18451
92,248,58,58,31.9144,3.52577
92,249,58,58,30.8964,3.42129
92,250,58,58,30.2895,3.55886
92,251,61,61,31.1613,3.72736
92,252,60,60,31.4348,3.85862
92,253,31,31,29.8949,3.77139
92,255,30,30,31.3095,4.00878
92,256,61,61,30.9122,3.60341
92,257,60,60,30.3707,3.62078
92,258,61,61,30.7746,3.52028
92,259,59,59,31.3848,3.4659
92,260,59,59,30.4488,3.2941
92,261,61,61,29.8618,3.20736
92,262,59,59,30.6082,3.49424
92,263,59,59,30.4986,3.16209
92,264,59,59,30.1302,3.38266
92,265,59,59,29.2476,3.09202
92,266,57,57,29.8927,3.0178
92,267,58,58,29.8351,3.0494
92,268,57,57,30.6503,3.11796
92,269,57,57,29.692,3.17825
92,270,60,60,30.58,3.32715
92,271,59,59,30.5461,3.44508
92,272,59,59,30.911,3.47544
92,273,58,58,31.9147,3.60151
92,274,28,28,33.9576,3.83271
92,276,28,28,32.4595,3.64715
92,277,60,60,30.7344,3.61807
92,278,59,59,30.4428,3.30821
92,279,59,59,30.9947,3.32625
92,280,59,59,29.4112,3.4273
92,281,62,62,29.5286,3.25052
92,282,57,57,30.3892,3.31827
92,283,59,59,30.287,3.29466
92,284,60,60,29.3072,3.04639
92,285,60,60,29.2879,3.11353
92,286,60,60,29.8847,2.99266
92,287,59,59,28.8528,3.00531
92,288,61,61,29.5663,3.07781
92,289,58,58,29.7588,3.05511
92,290,60,60,30.1789,3.38122
92,291,58,58,29.8031,3.19587
92,292,59,59,29.9476,3.55591
92,293,61,61,30.6024,3.439
92,294,59,59,31.0461,3.8121
92,295,14,14,33.0522,3.57734
92,297,25,25,29.9784,3.75189
92,298,58,58,30.4076,3.41401
92,299,58,58,30.711,3.68137
92,300,60,60,29.5614,3.29227
92,301,60,60,29.1744,3.23013
92,302,56,56,29.1731,2.99751
92,303,61,61,29.1699,3.11708
92,304,57,57,29.76,2.92969
92,305,60,60,29.4633,2.8894
92,306,58,58,28.6682,2.97094
92,307,59,59,28.609,2.89411
92,308,57,57,29.8828,2.95481
92,309,60,60,29.7228,3.16406
92,310,60,60,28.8599,3.39549
92,311,57,57,30.2702,3.5942
92,312,58,58,29.5836,3.47536
92,313,27,27,32.3226,3.69404
92,314,59,59,30.3505,3.47376
92,315,58,58,30.6621,3.59565
92,316,57,57,29.9758,3.26853
92,317,60,60,29.4169,3.39943
92,318,58,58,30.117,3.28888
92,319,60,60,29.6422,2.99751
92,320,58,58,30.1607,3.14501
92,321,59,59,28.1097,2.92985
92,322,57,57,29.4825,3.03918
92,323,60,60,29.6331,2.98509
92,324,59,59,30.8964,3.07321
92,325,60,60,29.1827,3.0456
92,326,58,58,29.7406,3.09357
92,327,60,60,29.748,3.2826
92,328,61,61,30.6826,3.41273
92,329,58,58,30.9561,3.41082
92,330,57,57,30.5702,3.51306
92,331,13,13,31.1318,3.55747
92,333,28,28,30.4126,3.57257
92,334,59,59,29.7588,3.44147
92,335,60,60,29.7767,3.3941
92,336,58,58,29.4366,3.38311
92,337,59,59,30.6603,3.37292
92,338,58,58,30.6281,3.1116
92,339,60,60,29.7657,3.25098
92,340,58,58,29.953,3.07207
92,341,60,60,30.2009,2.94755
92,342,59,59,29.8346,3.39282
92,343,59,59,31.0148,3.17346
92,344,59,59,30.6773,3.38243
92,345,59,59,30.4734,3.29189
92,346,57,57,31.6762,3.54374
92,347,57,57,30.5563,3.5092
92,348,59,59,31.0387,3.93355
92,349,58,58,29.843,3.66694
92,350,29,29,30.0081,3.86459
92,352,28,28,29.7947,3.72564
92,353,58,58,30.1975,3.50026
92,354,59,59,30.2131,3.43906
92,355,59,59,29.0782,3.30821
92,356,59,59,29.7721,3.43164
92,357,59,59,30.9886,3.54486
92,358,58,58,30.626,3.18436
92,359,59,59,28.6886,3.19674
92,360,59,59,30.128,3.28954
92,361,58,58,30.8398,3.3456
92,362,57,57,29.5278,3.27081
92,363,60,60,29.9023,3.23616
92,364,60,60,29.3395,3.23152
92,365,58,58,30.2317,3.4373
92,366,60,60,29.7914,3.49734
92,367,59,59,30.7021,3.56772
92,368,29,29,31.0812,3.63257
92,370,31,31,29.9107,3.53771
92,371,58,58,30.745,3.50707
92,372,57,57,31.819,3.41438
92,373,59,59,29.6796,3.35806
92,374,58,58,30.7182,3.28387
92,375,56,56,30.1804,3.25065
92,376,60,60,28.9354,3.06976
92,377,57,57,30.7848,3.4499
92,378,58,58,30.535,3.37386
92,379,59,59,30.3637,3.42726
92,380,59,59,30.162,3.4879
92,381,58,58,31.5505,3.66278
92,382,57,57,31.2556,3.6186
92,383,59,59,31.6186,3.72501
92,384,59,59,31.2865,3.67471
92,385,28,28,31.4212,3.79286
92,387,58,58,31.4172,3.6819
92,388,60,60,30.9309,3.46458
92,389,57,57,31.1139,3.26434
92,390,58,58,30.5804,3.23487
92,391,60,60,30.3839,3.3087
92,392,57,57,31.8157,3.35451
92,393,58,58,30.9271,3.54507
92,394,59,59,31.4968,3.57559
92,395,59,59,31.0987,3.51131
92,396,59,59,31.3818,3.76908
92,397,60,60,31.4396,3.87842
92,398,29,29,30.1047,3.61176
92,399,56,56,30.2298,3.73277
92,400,58,58,30.7539,3.61259
92,401,59,59,29.7612,3.38963
92,402,58,58,31.2421,3.49836
92,403,59,59,30.2405,3.38794
92,404,59,59,31.0334,3.57484
92,405,61,61,30.4469,3.57561
92,406,59,59,31.1224,3.6741
92,407,59,59,31.8229,3.84232
92,408,59,59,31.005,3.6858
92,409,60,60,30.8705,3.69893
92,410,60,60,31.1386,3.73142
92,411,28,28,34.0743,4.0029
92,413,29,29,32.5163,3.98033
92,414,60,60,31.2902,3.61612
92,415,61,61,31.2071,3.64942
92,416,59,59,30.2863,3.35474
92,417,59,59,32.2049,3.868
92,418,58,58,32.1845,3.87097
92,419,59,59,31.944,4.10801
92,420,57,57,32.2233,3.91694
92,421,57,57,32.0994,3.98316
92,422,58,58,30.3153,3.9945
92,423,58,58,31.7421,4.10096
92,424,60,60,31.1211,3.88986
92,425,29,29,28.5579,4.0054
92,427,31,31,31.713,4.01966
92,428,58,58,31.5803,3.74716
92,429,59,59,31.611,3.42861
92,430,59,59,31.4596,3.66898
92,431,59,59,31.7661,3.66116
92,432,58,58,31.1743,4.00397
92,433,59,59,31.4286,4.1208
92,434,60,60,32.2986,4.28902
92,435,61,61,31.4645,4.11475
92,436,58,58,31.836,4.06823
92,437,60,60,31.5557,3.97636
92,438,29,29,29.9586,4.26239
92,440,28,28,31.6304,3.95049
92,441,58,58,30.7074,3.88868
92,442,61,61,31.8916,4.11685
92,443,57,57,31.5959,4.0247
92,444,60,60,32.4053,4.29386
92,445,60,60,31.6197,4.31177
92,446,60,60,31.143,4.32039
92,447,62,62,30.9366,4.33564
92,448,60,60,31.0166,4.24299
92,449,60,60,31.4015,4.19369
92,450,27,27,28.5616,3.97765
92,452,31,31,31.4849,4.37906
92,453,29,29,28.1055,4.35192
92,454,28,28,31.4252,4.17845
92,455,29,29,30.8469,4.12888
92,456,29,29,31.3107,4.60161
92,457,30,30,29.5872,4.3506
92,458,29,29,29.9609,4.32645
92,459,55,55,29.4152,3.53872
92,461,56,56,30.8432,3.79004
92,466,111,111,31.0283,3.88847
92,467,55,55,30.0573,3.70657
92,468,57,57,30.988,3.82689
92,469,55,55,31.5354,3.74484
92,470,56,56,31.0531,4.08886
92,471,55,55,32.0852,3.88856
92,473,4,4,26.1857,4.26518
92,474,3,3,36.8818,4.75553
92,475,6,6,39.5109,4.53094
92,476,4,4,25.9812,4.27804
92,477,3,3,31.8461,4.15377
92,480,4,4,38.1506,3.68504
92,481,5,5,35.4429,4.68859
92,482,5,5,25.7685,4.7637
92,483,4,4,11.2718,4.84404
92,486,3,3,19.6692,5.02023
92,487,3,3,35.1426,4.68135
92,488,4,4,29.1389,4.76127
92,491,1,1,39.1304,4.96156
92,492,4,4,31.2449,4.92185
92,493,1,1,5.18872,4.77515
92,496,3,3,43.2717,4.71368
92,497,3,3,26.9005,4.89942
92,500,4,4,25.2219,4.43084
92,501,4,4,34.1823,4.35796
92,502,7,7,41.1874,4.60887
92,503,4,4,33.1325,4.57301
92,530,3032,3032,27.5258,3.90252
92,531,3033,3033,27.5796,3.95088
104,1,16,16,33.7039,5.58765
104,2,30,30,34.99,5.27806
104,16,3033,3033,32.2643,5.6052
104,17,26,26,35.7787,5.14262
104,18,29,29,36.0929,5.18669
104,19,58,58,34.1614,4.62205
104,20,60,60,33.9373,4.78385
104,21,58,58,33.3769,5.14098
104,22,29,29,33.6369,5.18462
104,25,58,58,32.2564,4.34213
104,26,57,57,32.8017,4.10721
104,27,56,56,33.4442,4.47364
104,34,29,29,34.6635,4.8272
104,36,59,59,31.94,4.34822
104,37,57,57,34.3649,4.65679
104,38,29,29,36.2761,4.977
104,41,23,23,34.5259,4.88964
104,42,29,29,32.3316,4.72343
104,43,16,16,30.537,4.87954
104,59,105,105,31.9484,3.75319
104,88,105,105,27.1982,1.79084
104,92,3032,3032,25.7286,1.93691
104,94,2932,2932,90.9066,1.95413
104,105,30,30,32.9988,5.32633
104,106,28,28,36.11,5.49281
104,107,28,28,34.9299,5.31068
104,108,28,28,33.8067,5.22309
104,109,30,30,34.6558,5.29307
104,110,28,28,36.5478,5.25797
104,111,29,29,35.4091,5.08765
104,112,29,29,35.2505,5.14103
104,113,26,26,33.8516,5.31488
104,114,58,58,34.1183,5.22394
104,115,59,59,34.5579,5.30811
104,116,58,58,34.7623,5.32572
104,117,57,57,35.0069,5.39933
104,118,58,58,34.6587,5.31563
104,119,61,61,34.1379,5.11341
104,120,59,59,34.7643,5.27238
104,121,58,58,34.2841,5.50479
104,122,59,59,34.6197,5.23325
104,123,59,59,34.0167,4.91204
104,124,92,92,34.1235,4.96791
104,125,88,88,34.1916,5.2941
104,126,87,87,35.2506,5.16241
104,127,86,86,34.4002,5.242
104,128,89,89,35.1441,5.22343
104,129,87,87,34.7688,5.2194
104,130,90,90,34.5104,5.41795
104,131,58,58,35.1311,5.40626
104,132,15,15,32.8582,5.56027
104,134,29,29,34.8435,5.37549
104,135,58,58,34.1436,5.09622
104,136,59,59,33.4424,5.05897
104,137,60,60,34.5154,5.31356
104,138,59,59,34.0269,5.11454
104,139,61,61,34.3516,5.0811
104,140,60,60,33.7969,4.96191
104,141,59,59,34.6543,5.08203
104,142,59,59,32.8056,4.9429
104,143,57,57,34.3855,4.93744
104,144,58,58,32.9143,4.80039
104,145,56,56,34.4267,4.90688
104,146,60,60,33.8931,5.18008
104,147,59,59,35.8923,5.07659
104,148,60,60,35.3107,5.66754
104,149,60,60,35.4534,5.22581
104,150,60,60,34.8778,5.5196
104,151,60,60,35.9753,5.37225
104,152,59,59,35.3328,5.68801
104,153,30,30,34.3289,5.59273
104,155,31,31,32.0323,5.39053
104,156,59,59,34.1189,5.38145
104,157,62,62,34.1952,5.02707
104,158,60,60,33.4899,5.12596
104,159,59,59,33.9857,4.91092
104,160,57,57,33.9692,5.00092
104,161,59,59,34.4329,5.00349
104,162,60,60,34.4324,5.06272
104,163,63,63,34.3875,4.98234
104,164,57,57,34.0751,5.19973
104,165,60,60,34.8014,4.88022
104,166,58,58,34.3685,4.75389
104,167,60,60,34.5146,4.95779
104,168,59,59,35.2137,5.0192
104,169,60,60,34.45,4.94543
104,170,61,61,34.3314,5.13653
104,171,58,58,35.3423,5.31996
104,172,57,57,35.7259,5.07451
104,173,56,56,34.4693,5.16713
104,174,30,30,36.8811,5.43512
104,176,29,29,33.6328,5.20475
104,177,59,59,33.5205,4.93355
104,178,61,61,34.1132,5.04921
104,179,59,59,33.0598,4.82407
104,180,59,59,34.0428,4.91518
104,181,61,61,33.7008,5.01469
104,182,60,60,35.1736,4.94837
104,183,60,60,34.4461,5.00642
104,184,58,58,34.6301,4.86333
104,185,59,59,32.8098,4.80475
104,186,58,58,35.1731,4.73909
104,187,59,59,35.1194,4.80212
104,188,59,59,34.7986,5.15242
104,189,57,57,34.0375,4.92742
104,190,60,60,34.3536,5.16876
104,191,60,60,33.9615,5.15563
104,192,58,58,35.7018,5.1325
104,193,59,59,34.5074,5.14136
104,194,59,59,34.7414,5.3267
104,195,29,29,36.5033,5.23137
104,197,59,59,33.2867,5.04295
104,198,59,59,34.3524,5.18128
104,199,59,59,35.0299,4.92204
104,200,61,61,34.4557,4.78828
104,201,60,60,33.9362,4.88487
104,202,60,60,33.4516,4.68029
104,203,56,56,34.5155,4.94323
104,204,61,61,33.1856,4.63666
104,205,60,60,34.1689,4.77153
104,206,58,58,33.06,4.77609
104,207,58,58,34.362,4.76049
104,208,57,57,35.1285,5.16215
104,209,57,57,33.1045,4.8799
104,210,61,61,34.3022,4.91661
104,211,58,58,33.3404,4.86633
104,213,30,30,34.2051,5.23732
104,214,56,56,34.3925,5.07123
104,215,62,62,34.7833,5.09947
104,216,61,61,32.9205,4.77403
104,217,57,57,34.2757,4.88901
104,218,61,61,33.0257,4.70462
104,219,60,60,33.9877,4.50106
104,220,62,62,33.7513,4.74934
104,221,59,59,33.9353,4.84656
104,222,56,56,34.4699,5.03038
104,223,59,59,32.3481,4.44728
104,224,61,61,33.6267,4.68871
104,225,60,60,33.7799,4.61447
104,226,58,58,34.166,4.83985
104,227,58,58,35.0768,4.70963
104,228,59,59,34.5166,4.8398
104,229,59,59,35.2909,5.09353
104,230,60,60,34.2215,4.95313
104,231,58,58,35.2747,5.05653
104,232,28,28,32.2167,5.07694
104,234,31,31,35.3694,4.95697
104,235,56,56,33.67,4.82464
104,236,57,57,33.1799,4.67078
104,237,60,60,33.7254,4.81667
104,238,60,60,32.2849,4.54333
104,239,60,60,33.6004,4.60245
104,240,59,59,32.351,4.78875
104,241,57,57,33.3458,4.64597
104,242,58,58,33.6596,4.55636
104,243,59,59,33.6618,4.5807
104,244,57,57,33.6228,4.32283
104,245,60,60,34.3528,4.49595
104,246,60,60,34.1058,4.73374
104,247,57,57,34.1328,4.66982
104,248,61,61,35.0426,4.97886
104,249,59,59,34.2322,4.78805
104,250,59,59,34.3532,4.88746
104,251,61,61,33.3667,4.81249
104,252,60,60,34.8002,5.00663
104,253,29,29,35.0457,4.92692
104,255,27,27,32.3456,4.9836
104,256,56,56,34.0662,4.93501
104,257,58,58,34.4886,5.06437
104,258,58,58,35.2309,4.84593
104,259,57,57,34.9242,4.81715
104,260,58,58,32.0662,4.48317
104,261,59,59,33.0839,4.53956
104,262,59,59,34.1567,4.61745
104,263,59,59,32.2152,4.50534
104,264,60,60,33.8538,4.41564
104,265,57,57,33.769,4.39909
104,266,58,58,33.4045,4.40141
104,267,57,57,33.7982,4.45419
104,268,59,59,33.8139,4.62553
104,269,58,58,32.9346,4.61347
104,270,59,59,34.1241,4.53863
104,271,58,58,33.4887,4.59335
104,272,60,60,33.4349,4.79577
104,273,59,59,33.3453,4.77562
104,274,29,29,33.3089,4.85866
104,276,28,28,34.3937,4.97646
104,277,60,60,33.2019,4.84711
104,278,60,60,32.9665,4.83856
104,279,59,59,32.8484,4.60279
104,280,57,57,32.9972,4.45604
104,281,61,61,33.0858,4.41879
104,282,58,58,32.9673,4.45394
104,283,61,61,32.7916,4.32719
104,284,58,58,32.5798,4.25594
104,285,59,59,32.8273,4.38142
104,286,58,58,31.9624,4.37297
104,287,59,59,33.0177,4.11661
104,288,59,59,32.6183,4.52389
104,289,62,62,32.6671,4.44559
104,290,59,59,32.5497,4.71968
104,291,60,60,32.8974,4.68452
104,292,58,58,33.1354,4.86474
104,293,58,58,33.1576,4.91109
104,294,57,57,33.6667,4.77797
104,295,16,16,34.048,4.72193
104,297,21,21,36.4926,5.12503
104,298,59,59,32.6472,4.73696
104,299,59,59,32.4255,4.66815
104,300,60,60,33.5532,4.55183
104,301,60,60,33.3068,4.3932
104,302,59,59,32.4313,4.28012
104,303,60,60,32.1151,4.18518
104,304,59,59,31.9956,4.15368
104,305,58,58,32.8081,4.29872
104,306,60,60,31.6803,4.04474
104,307,58,58,31.2579,4.24264
104,308,58,58,33.1962,4.23442
104,309,59,59,32.6572,4.49653
104,310,59,59,33.4454,4.71315
104,311,61,61,33.1615,4.73207
104,312,56,56,34.6898,4.94554
104,313,30,30,33.8442,4.83459
104,314,57,57,34.3178,4.7363
104,315,59,59,33.9901,4.76578
104,316,59,59,33.5891,4.70248
104,317,60,60,34.3369,4.69224
104,318,60,60,33.2561,4.53612
104,319,60,60,33.0246,4.41143
104,320,59,59,32.617,4.23848
104,321,60,60,32.386,4.11378
104,322,57,57,32.0938,4.18481
104,323,60,60,32.2554,4.21787
104,324,58,58,34.2737,4.38919
104,325,58,58,33.1558,4.36002
104,326,59,59,33.0298,4.42779
104,327,59,59,33.8075,4.42476
104,328,59,59,32.6013,4.62212
104,329,57,57,33.3725,4.66251
104,330,59,59,35.2208,4.66224
104,331,16,16,37.4077,4.76308
104,333,28,28,33.482,4.75545
104,334,58,58,32.9042,4.61071
104,335,57,57,33.1769,4.65003
104,336,58,58,33.0843,4.57029
104,337,59,59,33.6397,4.39809
104,338,59,59,33.1632,4.32711
104,339,58,58,32.2891,4.34005
104,340,59,59,33.0985,4.30906
104,341,60,60,32.4352,4.21629
104,342,60,60,33.1374,4.42627
104,343,57,57,34.4918,4.44678
104,344,59,59,34.159,4.5891
104,345,58,58,33.5756,4.67127
104,346,62,62,33.9811,4.84543
104,347,59,59,34.2147,4.83039
104,348,58,58,35.6763,4.89525
104,349,56,56,32.9333,4.92823
104,350,28,28,34.7598,5.00392
104,352,31,31,33.1193,4.8453
104,353,61,61,33.1326,4.74105
104,354,58,58,32.985,4.54819
104,355,61,61,33.6935,4.79584
104,356,59,59,32.8425,4.48044
104,357,57,57,32.7573,4.6071
104,358,58,58,32.5218,4.35438
104,359,61,61,33.7573,4.35297
104,360,59,59,33.3576,4.33309
104,361,58,58,32.6923,4.40786
104,362,60,60,33.1736,4.52534
104,363,60,60,31.822,4.38661
104,364,59,59,34.5763,4.67388
104,365,58,58,34.1307,4.74852
104,366,61,61,34.6922,4.75682
104,367,58,58,32.7032,4.73297
104,368,28,28,34.0546,4.93299
104,370,30,30,32.3847,4.71135
104,371,60,60,32.9386,4.67311
104,372,59,59,33.1674,4.61799
104,373,58,58,32.7995,4.60975
104,374,56,56,33.3618,4.55177
104,375,61,61,33.484,4.47386
104,376,60,60,32.8085,4.38379
104,377,57,57,34.2305,4.67079
104,378,58,58,33.416,4.62759
104,379,59,59,33.8668,4.58737
104,380,57,57,33.0589,4.58261
104,381,58,58,33.6144,4.76304
104,382,59,59,34.3928,4.70876
104,383,59,59,34.6765,4.99905
104,384,58,58,36.2103,4.99421
104,385,31,31,34.2275,5.10933
104,387,59,59,34.2026,4.75835
104,388,57,57,33.8577,4.70712
104,389,60,60,33.2419,4.61147
104,390,56,56,33.9212,4.55615
104,391,59,59,32.5703,4.38584
104,392,59,59,34.8123,4.62177
104,393,60,60,33.8512,4.7046
104,394,58,58,34.2744,4.78013
104,395,61,61,35.4014,4.90046
104,396,59,59,34.8164,4.88017
104,397,60,60,33.3668,5.13167
104,398,29,29,34.9085,4.92414
104,399,59,59,33.4164,4.70837
104,400,60,60,33.6122,4.77201
104,401,57,57,34.1403,4.78448
104,402,60,60,33.467,4.44637
104,403,59,59,32.9058,4.58899
104,404,59,59,32.4999,4.65551
104,405,59,59,34.0025,4.75614
104,406,59,59,33.8526,4.85115
104,407,61,61,35.5973,4.99678
104,408,62,62,33.0907,5.02825
104,409,59,59,34.8409,4.80398
104,410,61,61,34.959,4.98775
104,411,28,28,35.5229,5.12205
104,413,30,30,34.5921,4.83458
104,414,60,60,35.9246,4.77306
104,415,59,59,34.3962,4.68978
104,416,57,57,34.3662,4.61807
104,417,57,57,34.1603,4.83343
104,418,58,58,34.5165,4.8197
104,419,62,62,33.7528,4.98753
104,420,61,61,34.5986,4.92622
104,421,61,61,35.1935,5.09988
104,422,59,59,34.0216,4.91508
104,423,59,59,33.7077,4.77177
104,424,59,59,33.7927,4.82191
104,425,27,27,34.9622,5.26998
104,427,28,28,32.6791,4.89039
104,428,60,60,33.6794,4.73192
104,429,61,61,33.2851,4.74671
104,430,57,57,33.6989,4.68468
104,431,59,59,32.1539,4.66745
104,432,59,59,34.7111,4.93394
104,433,59,59,34.4702,4.78213
104,434,62,62,33.694,4.80928
104,435,58,58,34.4188,4.89923
104,436,59,59,34.9876,5.00162
104,437,59,59,34.062,5.0201
104,438,28,28,33.7074,5.02743
104,440,31,31,35.7038,4.69778
104,441,59,59,33.4004,4.64592
104,442,60,60,34.4506,4.9241
104,443,59,59,34.1124,4.86273
104,444,60,60,34.5937,4.86252
104,445,60,60,34.3066,4.89628
104,446,61,61,34.22,5.05855
104,447,61,61,34.0371,5.19993
104,448,59,59,35.6504,4.92088
104,449,57,57,34.6677,5.08749
104,450,31,31,34.0208,5.00967
104,452,30,30,33.0346,4.66759
104,453,28,28,31.8769,4.90982
104,454,29,29,34.6557,4.90036
104,455,28,28,32.8592,4.85773
104,456,28,28,34.9441,4.81361
104,457,30,30,33.6884,4.86414
104,458,29,29,32.7478,4.84422
104,459,56,56,33.5285,4.99903
104,461,57,57,35.0012,4.97116
104,466,112,112,34.0506,5.03475
104,467,55,55,32.9919,4.85456
104,468,57,57,33.4067,4.84707
104,469,56,56,33.7247,4.95943
104,470,53,53,34.4095,5.03025
104,471,55,55,33.2722,4.74571
104,473,7,7,30.5683,4.26559
104,474,7,7,28.0805,4.60945
104,475,5,5,33.7984,4.42662
104,476,1,1,64.7314,5.69248
104,477,4,4,26.8082,4.8358
104,480,1,1,4.81668,4.08663
104,481,3,3,44.5901,4.60536
104,482,6,6,35.8269,4.7175
104,483,6,6,32.032,4.46417
104,486,5,5,34.3002,4.2201
104,487,4,4,25.0501,4.09643
104,488,4,4,38.6878,4.6772
104,491,3,3,40.8047,4.02116
104,492,2,2,33.5153,3.91661
104,493,5,5,23.4969,4.55826
104,496,2,2,52.4894,4.08896
104,497,5,5,35.0302,4.94764
104,500,1,1,52.4689,8.51233
104,501,4,4,41.0197,4.29152
104,502,4,4,34.6249,3.89858
104,503,3,3,30.59,3.5717
104,530,3028,3028,28.0513,3.03918
104,531,3031,3031,28.0885,3.08259
459,16,6,6,2.22219,0.73023
459,92,4,4,4.20374,3.46801
459,104,6,6,5.19802,4.44213
459,530,7,7,4.64625,3.38822
459,531,6,6,4.74324,3.43449
461,16,8,8,2.41597,0.850703
461,92,4,4,4.4724,3.58848
461,104,6,6,5.39564,4.5626
461,530,7,7,4.4728,3.26774
461,531,10,10,4.53055,3.31401
466,16,12,12,2.57419,0.938573
466,92,15,15,4.33909,3.51195
466,104,13,13,5.33281,4.48607
466,530,11,11,4.29141,3.17987
466,531,12,12,4.3827,3.22614
467,16,9,9,3.04914,1.18023
467,92,4,4,4.20204,3.44605
467,104,8,8,5.18359,4.42017
467,530,5,5,4.13058,3.07003
467,531,7,7,4.19341,3.1163
468,16,5,5,3.26591,1.2681
468,92,8,8,4.17603,3.44605
468,104,8,8,5.23064,4.42017
468,530,7,7,4.02155,2.98216
468,531,7,7,4.078,3.02843
469,16,5,5,3.3978,1.35597
469,92,5,5,4.36755,3.53392
469,104,10,10,5.43814,4.50804
469,530,6,6,3.85891,2.89429
469,531,7,7,3.88831,2.94056
470,16,7,7,3.18287,2.19729
470,92,6,6,4.27486,3.44605
470,104,6,6,5.31236,4.42017
470,530,8,8,3.86085,2.88219
470,531,5,5,3.98961,2.93333
471,16,7,7,3.10424,2.12991
471,92,8,8,4.33758,3.53648
471,104,6,6,5.40563,4.50804
471,530,6,6,3.67447,2.79432
471,531,9,9,3.7413,2.84059
530,1,13,13,31.4608,4.57528
530,2,28,28,33.5107,4.04043
530,16,3033,3033,27.6301,3.53973
530,17,30,30,32.4658,4.45542
530,18,30,30,34.3327,4.21892
530,19,57,57,32.7529,3.92966
530,20,61,61,32.9937,3.99524
530,21,58,58,33.7705,3.76578
530,22,29,29,34.3753,3.89062
530,25,60,60,33.6696,3.73343
530,26,59,59,32.8911,3.57279
530,27,60,60,32.5839,3.35011
530,34,28,28,32.1786,3.56956
530,36,60,60,33.5321,3.38369
530,37,60,60,31.1695,3.0917
530,38,29,29,31.0549,3.15384
530,41,23,23,29.8742,2.67065
530,42,28,28,33.8775,2.7894
530,43,15,15,25.5191,2.38763
530,59,104,104,30.2009,2.00041
530,88,105,105,27.9741,2.61863
530,92,3030,3030,28.0486,3.94326
530,94,2933,2933,93.5199,3.70273
530,104,3031,3031,25.7854,2.81408
530,105,30,30,32.782,4.74484
530,106,32,32,31.7778,4.75163
530,107,28,28,34.3803,4.52312
530,108,29,29,33.0985,4.48004
530,109,29,29,32.6239,4.22683
530,110,30,30,33.4392,4.22399
530,111,29,29,31.6352,4.20004
530,112,27,27,32.9136,4.42129
530,113,30,30,31.7006,4.71613
530,114,59,59,32.7496,4.81191
530,115,60,60,32.2212,4.69386
530,116,58,58,31.4496,4.8996
530,117,59,59,32.3018,4.71312
530,118,61,61,31.4971,4.34756
530,119,58,58,31.8015,4.25521
530,120,57,57,32.5034,4.35268
530,121,60,60,31.9557,4.35787
530,122,59,59,32.3631,4.28915
530,123,58,58,30.9218,4.12192
530,124,86,86,30.9771,4.13483
530,125,88,88,32.1489,4.23055
530,126,87,87,32.6829,4.24574
530,127,89,89,32.9136,4.34282
530,128,86,86,31.9359,4.28067
530,129,88,88,32.0836,4.40676
530,130,88,88,32.2573,4.25092
530,131,58,58,31.3693,4.18685
530,132,16,16,32.485,4.06706
530,134,29,29,34.0392,4.85932
530,135,60,60,33.2686,4.53437
530,136,60,60,33.1743,4.54201
530,137,57,57,32.4527,4.48435
530,138,59,59,32.64,4.41086
530,139,59,59,31.9406,4.31957
530,140,58,58,31.376,4.31942
530,141,60,60,31.9665,4.34293
530,142,60,60,31.6314,4.30465
530,143,58,58,31.9215,4.18032
530,144,61,61,32.0044,4.16357
530,145,59,59,32.2595,4.26193
530,146,59,59,35.316,4.33587
530,147,59,59,32.8098,4.30237
530,148,60,60,33.2794,4.32925
530,149,59,59,32.2978,4.29442
530,150,58,58,34.0012,4.04298
530,151,59,59,32.1461,4.09559
530,152,59,59,31.9759,4.14383
530,153,28,28,31.6215,3.91786
530,155,28,28,33.7506,4.86195
530,156,60,60,32.4385,4.85714
530,157,59,59,32.8801,4.4922
530,158,60,60,33.2563,4.43737
530,159,58,58,33.5925,4.31257
530,160,60,60,34.4,4.30796
530,161,60,60,32.3418,4.21659
530,162,58,58,31.5525,4.32962
530,163,61,61,33.7185,4.31745
530,164,59,59,30.7362,4.22684
530,165,61,61,31.9401,4.1829
530,166,58,58,33.9644,4.27653
530,167,60,60,32.39,4.23186
530,168,61,61,33.3479,4.2429
530,169,59,59,33.0481,4.31032
530,170,57,57,34.1521,4.17138
530,171,57,57,33.3751,4.11588
530,172,59,59,32.396,4.16345
530,173,61,61,31.3945,4.07819
530,174,30,30,32.349,4.09955
530,176,27,27,31.6743,4.42992
530,177,60,60,34.3823,4.3772
530,178,58,58,32.1384,4.27631
530,179,58,58,33.381,4.2399
530,180,56,56,32.9366,4.13244
530,181,58,58,33.2164,4.05385
530,182,58,58,33.2459,4.09661
530,183,60,60,32.2774,4.24723
530,184,62,62,32.6677,4.28628
530,185,59,59,33.2047,4.11655
530,186,58,58,32.552,4.05926
530,187,60,60,33.9374,4.11039
530,188,60,60,33.5418,4.30268
530,189,60,60,33.7661,4.07531
530,190,57,57,33.6213,4.01866
530,191,60,60,32.1856,3.97615
530,192,57,57,33.1851,3.73579
530,193,58,58,33.4197,3.74086
530,194,57,57,33.3503,3.80349
530,195,30,30,32.1766,3.72672
530,197,60,60,33.4822,4.37859
530,198,58,58,32.993,4.24082
530,199,59,59,34.361,4.22272
530,200,60,60,32.8298,4.23983
530,201,57,57,33.7457,4.06792
530,202,60,60,32.3371,4.15972
530,203,61,61,33.5263,4.13961
530,204,59,59,32.9334,3.97984
530,205,57,57,34.9348,3.98286
530,206,59,59,33.3473,3.92688
530,207,58,58,32.7303,3.94562
530,208,58,58,33.6133,3.88344
530,209,58,58,32.669,3.83951
530,210,58,58,33.0727,3.61209
530,211,58,58,33.3084,3.59468
530,213,27,27,33.8932,4.23565
530,214,61,61,33.7911,4.051
530,215,60,60,32.4339,4.29426
530,216,59,59,33.8412,4.3442
530,217,57,57,34.1653,4.42334
530,218,60,60,34.3045,3.85339
530,219,59,59,33.0347,3.86074
530,220,57,57,33.3192,3.85623
530,221,59,59,33.7388,3.9179
530,222,58,58,33.723,4.04719
530,223,58,58,32.4022,3.74802
530,224,59,59,33.2112,4.04639
530,225,61,61,32.9571,4.07715
530,226,58,58,33.9095,3.95618
530,227,59,59,33.2942,3.84138
530,228,59,59,34.4501,3.81451
530,229,57,57,32.9108,3.6607
530,230,59,59,33.7237,3.73075
530,231,59,59,33.5354,3.68843
530,232,33,33,33.1331,3.47151
530,234,30,30,34.1175,4.02286
530,235,59,59,34.0238,4.03531
530,236,57,57,32.9485,4.03254
530,237,58,58,33.0294,4.07396
530,238,57,57,33.8239,4.05261
530,239,60,60,33.8317,3.82508
530,240,59,59,32.1796,3.83784
530,241,60,60,32.1314,3.73734
530,242,61,61,33.3302,3.85677
530,243,58,58,32.3623,3.73961
530,244,61,61,34.2033,3.66135
530,245,61,61,34.2263,3.63414
530,246,59,59,32.916,3.95897
530,247,59,59,33.9642,3.79244
530,248,58,58,31.7931,3.86498
530,249,59,59,33.0323,3.61523
530,250,61,61,32.5381,3.65138
530,251,59,59,32.1856,3.71866
530,252,59,59,31.7274,3.52516
530,253,30,30,30.5636,3.60994
530,255,30,30,32.0861,4.1887
530,256,56,56,32.2247,4.02356
530,257,58,58,33.0753,4.12094
530,258,59,59,33.534,4.10768
530,259,60,60,33.9536,4.06649
530,260,57,57,33.2105,3.80664
530,261,57,57,33.6148,3.91565
530,262,59,59,33.7509,3.84171
530,263,58,58,32.9596,3.61596
530,264,61,61,32.3314,3.65784
530,265,60,60,33.4267,3.73365
530,266,56,56,32.5109,3.66034
530,267,61,61,33.6883,3.8544
530,268,60,60,34.2934,3.72039
530,269,55,55,32.4355,3.6829
530,270,58,58,33.2039,3.65462
530,271,58,58,34.0651,3.69484
530,272,60,60,31.8458,3.66058
530,273,58,58,34.1093,3.62394
530,274,29,29,32.48,3.66435
530,276,26,26,32.5097,3.84738
530,277,62,62,32.0422,4.15005
530,278,61,61,32.7679,3.94982
530,279,58,58,32.2156,3.94989
530,280,57,57,32.4523,3.74396
530,281,59,59,32.9117,3.83542
530,282,60,60,33.7468,3.76788
530,283,56,56,33.7298,3.79262
530,284,60,60,32.6153,3.63769
530,285,58,58,32.2418,3.46394
530,286,58,58,33.5165,3.69948
530,287,58,58,31.7392,3.57919
530,288,57,57,31.9196,3.57754
530,289,57,57,31.5201,3.54062
530,290,59,59,32.2192,3.66266
530,291,60,60,30.7393,3.63787
530,292,59,59,32.0836,3.65157
530,293,59,59,32.2313,3.63016
530,294,61,61,31.7742,3.71854
530,295,15,15,32.1829,3.46509
530,297,21,21,35.9218,4.01344
530,298,59,59,32.864,3.91622
530,299,58,58,32.7761,3.82636
530,300,60,60,33.2968,3.7297
530,301,59,59,32.6583,3.72231
530,302,58,58,33.5708,3.80752
530,303,58,58,33.1127,3.66529
530,304,60,60,33.5036,3.7175
530,305,58,58,32.1754,3.61667
530,306,60,60,31.4361,3.5361
530,307,58,58,31.4001,3.6106
530,308,60,60,31.631,3.50396
530,309,61,61,32.7918,3.54777
530,310,60,60,32.0717,3.6976
530,311,58,58,31.131,3.58787
530,312,59,59,31.8738,3.32004
530,313,27,27,33.126,3.69305
530,314,59,59,32.934,3.85
530,315,59,59,33.1589,3.92306
530,316,57,57,33.2489,3.84749
530,317,60,60,32.5754,3.71346
530,318,60,60,33.5934,3.64651
530,319,58,58,32.934,3.83784
530,320,58,58,33.3165,3.72067
530,321,59,59,33.1161,3.54703
530,322,58,58,33.0677,3.41477
530,323,60,60,31.0582,3.13435
530,324,59,59,31.8493,3.3612
530,325,59,59,32.3832,3.345
530,326,56,56,33.7014,3.59986
530,327,57,57,32.4234,3.46018
530,328,60,60,30.6712,3.40637
530,329,58,58,32.4202,3.46307
530,330,58,58,32.5449,3.54411
530,331,13,13,30.97,3.55522
530,333,29,29,29.2498,3.69663
530,334,61,61,32.9607,3.63437
530,335,60,60,32.0295,3.58831
530,336,58,58,30.8057,3.55115
530,337,61,61,33.4798,3.65751
530,338,61,61,32.3799,3.64261
530,339,60,60,31.7184,3.45014
530,340,59,59,32.5145,3.44214
530,341,57,57,32.4194,3.47314
530,342,59,59,30.9827,3.30778
530,343,57,57,32.2252,3.20064
530,344,61,61,32.4121,3.1063
530,345,58,58,32.5744,3.41434
530,346,60,60,31.745,3.25445
530,347,62,62,33.6915,3.48099
530,348,60,60,32.9339,3.62244
530,349,59,59,31.1847,3.39508
530,350,29,29,32.1237,3.62502
530,352,30,30,32.6726,3.4662
530,353,58,58,31.7775,3.65504
530,354,60,60,31.9069,3.41892
530,355,58,58,31.6473,3.59859
530,356,60,60,31.2694,3.58398
530,357,59,59,30.6549,3.57108
530,358,59,59,32.1782,3.57673
530,359,58,58,32.2963,3.32358
530,360,60,60,31.3862,3.38755
530,361,59,59,32.7614,3.27347
530,362,61,61,31.8554,3.12999
530,363,60,60,31.1129,3.26792
530,364,57,57,30.669,3.18164
530,365,59,59,31.9169,3.17924
530,366,59,59,31.8587,3.33499
530,367,59,59,32.3433,3.35346
530,368,29,29,31.3159,3.59078
530,370,29,29,34.1084,3.4407
530,371,62,62,32.3681,3.57007
530,372,59,59,31.8097,3.49197
530,373,58,58,31.7763,3.36659
530,374,56,56,32.9084,3.36855
530,375,58,58,31.2142,3.36379
530,376,57,57,32.1651,3.24016
530,377,59,59,31.8666,3.22747
530,378,59,59,31.7334,3.16862
530,379,57,57,32.0216,3.34884
530,380,60,60,31.3793,3.1619
530,381,61,61,31.1338,2.91544
530,382,58,58,32.0108,3.17338
530,383,58,58,32.1609,3.15871
530,384,61,61,32.0392,3.51337
530,385,28,28,33.7725,3.28113
530,387,59,59,32.2877,3.50753
530,388,60,60,32.9259,3.55379
530,389,56,56,32.7854,3.27762
530,390,58,58,31.8238,3.2201
530,391,63,63,31.0385,3.20923
530,392,60,60,31.3861,3.03815
530,393,58,58,31.5781,3.11031
530,394,59,59,31.6875,3.00519
530,395,57,57,32.5554,3.06521
530,396,60,60,32.3789,3.10464
530,397,59,59,32.0553,3.19586
530,398,29,29,29.4722,3.33158
530,399,60,60,30.675,3.34256
530,400,59,59,32.5479,3.56421
530,401,61,61,31.8613,3.69185
530,402,59,59,31.1837,3.13348
530,403,57,57,31.2015,3.17519
530,404,60,60,31.0958,3.24133
530,405,59,59,30.7659,3.10246
530,406,59,59,30.6774,3.01189
530,407,61,61,31.1781,3.00554
530,408,57,57,30.2219,2.83653
530,409,61,61,31.251,2.92724
530,410,57,57,30.8648,2.96876
530,411,30,30,31.7356,3.2472
530,413,29,29,29.9461,3.29476
530,414,60,60,30.851,3.24564
530,415,61,61,31.3947,3.08104
530,416,58,58,30.4868,2.96797
530,417,60,60,32.3874,3.23306
530,418,59,59,31.5649,3.0968
530,419,58,58,30.7855,3.04198
530,420,56,56,30.1495,3.00097
530,421,59,59,30.1853,2.7693
530,422,59,59,30.5347,2.81481
530,423,61,61,31.5519,3.00747
530,424,58,58,31.3772,3.01211
530,425,28,28,30.6557,2.87352
530,427,28,28,30.957,3.17208
530,428,59,59,32.1723,3.09227
530,429,60,60,30.3188,3.03315
530,430,58,58,30.6306,3.01208
530,431,62,62,31.995,3.24157
530,432,60,60,31.0534,2.97207
530,433,62,62,31.2265,2.97674
530,434,60,60,30.9844,3.05513
530,435,60,60,30.7312,3.01454
530,436,61,61,28.4798,2.79133
530,437,57,57,30.1206,2.73429
530,438,28,28,31.3521,2.88947
530,440,28,28,33.3889,2.78492
530,441,57,57,31.48,2.84587
530,442,59,59,30.8273,2.91858
530,443,61,61,29.9762,3.08924
530,444,56,56,31.1806,3.18972
530,445,59,59,30.7667,3.00913
530,446,58,58,32.1049,2.73273
530,447,60,60,30.6654,2.57895
530,448,57,57,30.5718,2.70482
530,449,59,59,31.2229,2.69573
530,450,30,30,29.7606,2.54608
530,452,29,29,30.3474,2.87035
530,453,28,28,32.555,2.98111
530,454,29,29,32.601,2.74378
530,455,28,28,30.4061,2.78306
530,456,28,28,32.8089,2.60525
530,457,31,31,30.8329,2.75751
530,458,28,28,30.1164,2.40725
530,459,56,56,32.4492,3.6933
530,461,55,55,31.8283,3.55483
530,466,113,113,32.0711,3.61657
530,467,56,56,31.5682,3.38457
530,468,58,58,32.3546,3.32911
530,469,56,56,30.6855,3.28516
530,470,55,55,31.8021,3.16942
530,471,54,54,32.0466,3.00692
530,473,3,3,25.8808,2.59843
530,474,5,5,41.9819,3.19171
530,475,4,4,32.8243,2.60635
530,476,4,4,21.2733,2.33147
530,477,4,4,34.4564,2.3373
530,480,1,1,34.6006,2.1744
530,481,1,1,65.7811,2.15973
530,482,7,7,31.954,2.29596
530,483,7,7,30.3979,2.29677
530,486,4,4,30.0746,3.12821
530,487,4,4,22.8993,2.90943
530,488,2,2,28.2161,1.83438
530,491,2,2,40.3297,4.04663
530,492,4,4,20.0079,2.21303
530,493,4,4,29.3752,1.90235
530,496,2,2,56.2344,3.4023
530,497,3,3,10.4392,1.83438
530,501,5,5,18.9185,2.42762
530,502,1,1,19.0478,2.03547
530,503,7,7,31.1946,2.70848
530,531,3031,3031,23.0417,0.347903
531,1,14,14,30.4665,4.71621
531,2,29,29,32.1069,4.09981
531,16,3034,3034,27.8742,3.51365
531,17,30,30,32.0122,4.25488
531,18,27,27,33.8098,4.30703
531,19,61,61,32.3458,4.05006
531,20,61,61,32.539,4.10552
531,21,56,56,33.2253,3.82326
531,22,28,28,33.5161,3.56016
531,25,60,60,32.854,3.76438
531,26,58,58,30.9145,3.47557
531,27,57,57,31.3558,3.33433
531,34,30,30,32.2985,3.25561
531,36,61,61,31.2238,3.07048
531,37,59,59,31.6595,3.04141
531,38,30,30,31.5026,3.20926
531,41,20,20,30.0476,2.95778
531,42,30,30,30.0472,2.5818
531,43,13,13,27.8024,2.20437
531,59,103,103,30.5642,2.07179
531,88,104,104,28.2759,2.67478
531,92,3034,3034,28.1126,3.98061
531,94,2933,2933,93.5117,3.73707
531,104,3030,3030,25.8267,2.88274
531,105,26,26,33.5646,5.00966
531,106,29,29,28.2483,4.66923
531,107,29,29,31.191,4.3788
531,108,29,29,33.4056,4.48472
531,109,31,31,33.8691,4.3782
531,110,28,28,31.0964,4.12714
531,111,30,30,31.9517,4.12655
531,112,30,30,32.1468,4.14967
531,113,27,27,33.6567,4.69561
531,114,58,58,31.5788,4.79522
531,115,59,59,32.924,4.82515
531,116,61,61,33.2072,4.89564
531,117,60,60,32.0168,4.62335
531,118,57,57,32.2265,4.26078
531,119,59,59,33.9355,4.36006
531,120,58,58,32.3619,4.23667
531,121,61,61,32.1485,4.24092
531,122,57,57,31.916,4.18133
531,123,59,59,32.6818,4.11693
531,124,89,89,31.3015,4.02917
531,125,90,90,31.9313,4.18473
531,126,87,87,33.1587,4.20315
531,127,87,87,32.7484,4.33373
531,128,89,89,33.7092,4.29331
531,129,89,89,33.0523,4.28796
531,130,87,87,33.2827,4.16679
531,131,59,59,33.3435,4.2576
531,132,16,16,32.9683,3.90467
531,134,28,28,30.1299,4.85555
531,135,60,60,32.4723,4.55024
531,136,56,56,33.3336,4.42838
531,137,59,59,33.4784,4.44967
531,138,57,57,33.5291,4.28729
531,139,60,60,31.9218,4.32216
531,140,58,58,32.8291,4.27635
531,141,61,61,31.9776,4.21069
531,142,59,59,32.8347,4.1972
531,143,60,60,32.4659,4.1039
531,144,58,58,31.9526,4.06764
531,145,61,61,32.4765,4.2826
531,146,59,59,32.8111,4.26609
531,147,59,59,32.6375,4.24944
531,148,59,59,33.9073,4.2539
531,149,60,60,33.0873,4.16442
531,150,57,57,32.8634,3.9984
531,151,58,58,32.332,3.98088
531,152,60,60,32.5996,3.98752
531,153,28,28,35.5622,3.99059
531,155,29,29,29.6981,4.75242
531,156,59,59,32.2746,4.75096
531,157,59,59,32.5477,4.58834
531,158,60,60,33.3683,4.3963
531,159,60,60,32.9236,4.3342
531,160,59,59,34.1541,4.16333
531,161,60,60,33.1131,4.24656
531,162,59,59,32.3905,4.37496
531,163,57,57,34.1344,4.29172
531,164,57,57,32.0177,4.26458
531,165,59,59,31.3882,4.12018
531,166,58,58,32.4014,4.17638
531,167,58,58,31.8127,4.36888
531,168,59,59,31.772,4.16893
531,169,58,58,33.1651,4.26435
531,170,57,57,32.5842,4.19223
531,171,59,59,33.1911,4.16838
531,172,58,58,32.754,4.08644
531,173,60,60,33.3027,4.11001
531,174,30,30,31.9065,4.08376
531,176,30,30,33.5648,4.57005
531,177,58,58,33.7177,4.26241
531,178,60,60,34.6226,4.31601
531,179,59,59,33.1573,4.16458
531,180,58,58,33.1593,4.06618
531,181,59,59,32.7141,4.1015
531,182,58,58,34.2093,4.12423
531,183,59,59,32.6347,4.27805
531,184,58,58,33.183,4.18181
531,185,58,58,32.9438,4.05335
531,186,56,56,33.0458,3.98647
531,187,58,58,34.0471,4.10208
531,188,60,60,32.1139,4.17753
531,189,58,58,32.5136,4.06379
531,190,60,60,34.6806,3.90892
531,191,61,61,31.8222,3.80007
531,192,60,60,33.9103,3.86046
531,193,58,58,32.5493,3.66327
531,194,59,59,32.5676,3.97797
531,195,29,29,35.9893,3.62765
531,197,59,59,34.0692,4.42854
531,198,61,61,32.3158,4.21224
531,199,61,61,32.4042,4.10052
531,200,58,58,33.574,4.20818
531,201,57,57,34.4942,3.91441
531,202,59,59,32.7589,4.00195
531,203,61,61,31.9075,4.15022
531,204,60,60,33.2826,4.16353
531,205,58,58,32.9156,4.01799
531,206,60,60,32.6724,3.97223
531,207,60,60,33.9871,3.93644
531,208,60,60,32.2915,3.84715
531,209,61,61,32.0099,3.6999
531,210,57,57,33.5821,3.68535
531,211,58,58,31.9664,3.61642
531,213,31,31,35.6241,4.00746
531,214,61,61,34.0451,4.19033
531,215,58,58,33.4292,4.17549
531,216,56,56,34.152,4.20859
531,217,59,59,33.5177,4.36138
531,218,59,59,33.2056,3.88676
531,219,58,58,32.3763,3.90043
531,220,59,59,33.6289,3.91466
531,221,58,58,33.3778,3.84143
531,222,61,61,33.6309,4.04322
531,223,61,61,33.6726,3.93335
531,224,59,59,32.9383,3.99503
531,225,58,58,33.3205,3.89618
531,226,58,58,32.2489,3.89216
531,227,59,59,33.0966,3.8642
531,228,60,60,32.7933,3.73176
531,229,58,58,34.0505,3.73711
531,230,61,61,32.2023,3.64038
531,231,59,59,33.5095,3.59096
531,232,29,29,33.7283,3.42421
531,234,28,28,34.943,4.11847
531,235,59,59,33.3576,4.00593
531,236,60,60,33.789,4.08604
531,237,60,60,33.4063,3.91136
531,238,58,58,34.1991,3.80934
531,239,60,60,32.6901,3.83163
531,240,61,61,32.6309,3.83109
531,241,58,58,32.7634,3.67204
531,242,57,57,33.8343,3.79186
531,243,60,60,31.2246,3.74141
531,244,59,59,32.2211,3.72174
531,245,59,59,31.9832,3.69891
531,246,59,59,33.1712,3.7999
531,247,61,61,34.4203,3.66678
531,248,57,57,32.7195,3.85886
531,249,58,58,31.945,3.6266
531,250,60,60,32.8386,3.67356
531,251,60,60,33.9387,3.64428
531,252,59,59,31.9069,3.38929
531,253,30,30,31.2354,3.34608
531,255,28,28,30.5188,4.05253
531,256,60,60,33.1894,3.98431
531,257,58,58,34.6621,3.99071
531,258,61,61,34.1283,4.13391
531,259,60,60,32.6479,4.03665
531,260,61,61,32.6533,3.71464
531,261,58,58,33.0387,4.05929
531,262,60,60,32.6569,3.83344
531,263,61,61,32.6942,3.60419
531,264,57,57,33.6815,3.83204
531,265,59,59,33.4905,3.7165
531,266,59,59,33.2334,3.5877
531,267,59,59,33.3619,3.91738
531,268,61,61,34.5447,3.55177
531,269,60,60,33.4159,3.62129
531,270,57,57,33.3912,3.63034
531,271,58,58,34.812,3.67122
531,272,62,62,32.4586,3.66966
531,273,62,62,32.453,3.50328
531,274,28,28,31.697,3.50984
531,276,27,27,33.5449,4.31708
531,277,59,59,32.8661,3.93121
531,278,60,60,33.7659,3.90694
531,279,56,56,33.6831,3.79948
531,280,58,58,33.2468,3.85592
531,281,59,59,32.2319,3.74685
531,282,59,59,32.9129,3.79146
531,283,57,57,34.7398,3.67124
531,284,61,61,33.1373,3.5129
531,285,58,58,33.7539,3.59221
531,286,60,60,33.0124,3.5173
531,287,59,59,33.5154,3.63039
531,288,61,61,31.9272,3.5293
531,289,59,59,34.5469,3.52506
531,290,58,58,31.8776,3.52205
531,291,59,59,33.0254,3.48441
531,292,59,59,32.3357,3.67512
531,293,57,57,33.458,3.60245
531,294,58,58,33.3053,3.68592
531,295,15,15,26.4466,3.80781
531,297,20,20,33.7436,3.87469
531,298,58,58,33.6066,4.03811
531,299,59,59,32.0076,3.89728
531,300,59,59,31.8106,3.83299
531,301,59,59,33.2397,3.73944
531,302,60,60,32.2013,3.65763
531,303,59,59,34.3581,3.65563
531,304,57,57,32.9437,3.53288
531,305,60,60,32.1953,3.49488
531,306,57,57,33.278,3.47915
531,307,61,61,32.7884,3.42924
531,308,59,59,32.6195,3.44869
531,309,58,58,32.2302,3.43804
531,310,59,59,33.1805,3.58069
531,311,59,59,32.937,3.44236
531,312,57,57,32.673,3.63906
531,313,30,30,31.0415,3.84741
531,314,62,62,32.5707,3.72591
531,315,60,60,32.5978,3.79196
531,316,59,59,33.0223,3.84765
531,317,60,60,33.1201,3.64506
531,318,59,59,31.7853,3.78235
531,319,60,60,32.3623,3.67854
531,320,60,60,33.0908,3.61328
531,321,61,61,34.1751,3.58166
531,322,59,59,32.586,3.53488
531,323,57,57,32.6594,3.32223
531,324,60,60,33.0986,3.40151
531,325,58,58,32.8079,3.3859
531,326,62,62,32.9366,3.37962
531,327,59,59,33.5394,3.53131
531,328,59,59,31.2335,3.45276
531,329,61,61,33.2481,3.5004
531,330,58,58,32.3127,3.52477
531,331,16,16,28.0413,3.39895
531,333,29,29,33.4139,3.58008
531,334,60,60,32.5181,3.61641
531,335,59,59,33.0288,3.5736
531,336,59,59,30.9816,3.74802
531,337,60,60,32.5881,3.59311
531,338,60,60,32.9206,3.57534
531,339,58,58,33.1957,3.46101
531,340,59,59,32.3199,3.43481
531,341,60,60,31.4341,3.18725
531,342,57,57,31.0212,3.23846
531,343,57,57,30.945,3.21122
531,344,57,57,33.1914,3.14638
531,345,58,58,33.0467,3.34604
531,346,58,58,32.8833,3.46731
531,347,57,57,32.8635,3.56965
531,348,58,58,32.0289,3.49449
531,349,58,58,32.2591,3.46912
531,350,26,26,33.8305,3.6068
531,352,28,28,34.111,3.59997
531,353,59,59,31.656,3.6576
531,354,61,61,31.5753,3.44014
531,355,60,60,31.9499,3.60503
531,356,60,60,32.68,3.65769
531,357,57,57,32.8431,3.49648
531,358,58,58,32.7812,3.48342
531,359,58,58,32.7831,3.34526
531,360,62,62,32.01,3.23837
531,361,59,59,32.8193,3.33839
531,362,58,58,31.5435,3.14643
531,363,58,58,31.1569,3.08172
531,364,59,59,32.6916,3.3379
531,365,57,57,32.3481,3.10634
531,366,59,59,32.22,3.25526
531,367,59,59,32.9737,3.29692
531,368,31,31,31.7561,3.54642
531,370,28,28,31.2829,3.5596
531,371,59,59,31.467,3.44191
531,372,58,58,32.2113,3.30777
531,373,61,61,32.4207,3.40309
531,374,57,57,34.4212,3.37131
531,375,60,60,32.2835,3.39338
531,376,60,60,32.3917,3.33848
531,377,59,59,31.9361,3.22116
531,378,58,58,31.3893,3.26288
531,379,59,59,30.7867,3.11034
531,380,61,61,31.588,2.93751
531,381,57,57,32.6845,3.0238
531,382,61,61,32.2332,3.19339
531,383,59,59,32.375,2.94376
531,384,58,58,32.1893,3.26978
531,385,30,30,31.5602,3.21492
531,387,58,58,32.0187,3.45414
531,388,60,60,31.5684,3.38561
531,389,61,61,31.6251,3.27154
531,390,58,58,32.297,3.29936
531,391,59,59,32.2025,3.06358
531,392,59,59,32.023,3.21592
531,393,58,58,31.9001,3.23928
531,394,59,59,31.2315,2.98166
531,395,58,58,29.7004,2.94198
531,396,58,58,30.6165,2.93337
531,397,59,59,31.5004,3.1034
531,398,29,29,29.8511,3.31798
531,399,60,60,31.4691,3.35661
531,400,59,59,33.5438,3.39671
531,401,59,59,32.6335,3.5115
531,402,59,59,30.7565,3.0947
531,403,58,58,30.4029,3.29043
531,404,60,60,32.1398,3.14861
531,405,59,59,32.4811,3.17308
531,406,61,61,30.8587,2.99559
531,407,60,60,32.3142,3.15713
531,408,59,59,30.7783,2.85687
531,409,60,60,30.8049,2.83944
531,410,59,59,30.2852,2.92247
531,411,28,28,30.7743,3.04835
531,413,27,27,31.1738,3.02064
531,414,60,60,31.6097,3.16856
531,415,59,59,31.9057,3.08505
531,416,57,57,31.3528,2.96153
531,417,61,61,32.8636,3.16203
531,418,61,61,31.6449,3.20513
531,419,61,61,31.2891,3.12068
531,420,58,58,31.6426,3.02134
531,421,58,58,31.5889,2.91134
531,422,60,60,30.5106,2.91469
531,423,57,57,30.5416,2.61541
531,424,56,56,31.6682,2.89707
531,425,31,31,29.3975,2.83139
531,427,30,30,32.5582,3.09344
531,428,59,59,32.0768,3.20594
531,429,58,58,31.9533,3.08395
531,430,62,62,30.8967,2.95256
531,431,58,58,32.126,3.29041
531,432,58,58,29.4469,2.88026
531,433,58,58,31.0277,2.94034
531,434,59,59,30.7079,2.9235
531,435,59,59,31.6598,2.96051
531,436,62,62,30.9736,2.65523
531,437,57,57,30.3892,2.68676
531,438,30,30,30.8832,2.56304
531,440,28,28,31.7,2.95467
531,441,56,56,31.4761,2.91479
531,442,59,59,30.7563,2.91553
531,443,58,58,31.5965,2.94485
531,444,59,59,31.6078,2.92203
531,445,61,61,31.3885,2.87419
531,446,59,59,31.4793,2.82845
531,447,58,58,29.8735,2.76824
531,448,57,57,30.3112,2.6613
531,449,57,57,31.1318,2.71319
531,450,29,29,28.977,2.60978
531,452,29,29,30.6537,2.70084
531,453,31,31,29.1451,2.70818
531,454,30,30,28.708,2.74348
531,455,30,30,29.3107,2.623
531,456,29,29,28.8678,2.53352
531,457,28,28,31.6951,2.70929
531,458,30,30,27.8986,2.27065
531,459,55,55,32.5172,3.78564
531,461,56,56,32.3827,3.65664
531,466,112,112,32.1079,3.5282
531,467,57,57,31.5813,3.34613
531,468,56,56,31.6078,3.23536
531,469,56,56,30.9906,3.33727
531,470,56,56,31.8192,3.11097
531,471,55,55,31.4202,2.97223
531,473,2,2,59.0837,2.40602
531,474,6,6,38.6299,2.36486
531,475,2,2,20.4779,2.53374
531,476,5,5,29.7862,2.28776
531,477,5,5,33.232,2.53744
531,481,5,5,34.0114,2.24979
531,482,2,2,21.2591,2.28519
531,483,4,4,32.1446,2.96434
531,486,4,4,30.2144,2.96751
531,487,5,5,25.4442,2.44201
531,488,7,7,39.1466,2.3986
531,491,3,3,47.7657,1.85025
531,492,6,6,33.5546,2.0595
531,493,4,4,7.21992,1.66384
531,496,4,4,33.5372,2.00879
531,497,4,4,19.0637,1.94666
531,500,7,7,33.0163,2.44354
531,501,6,6,31.4925,2.41473
531,502,3,3,32.4649,2.32059
531,503,2,2,14.6783,2.15907
531,530,3035,3035,23.0926,0.326708
