from_zone_id,to_zone_id,number_of_agents,number_of_agents_completing_trips,trip_time_in_min,distance
1,12,5227,5227,19.3391,2.18349
1,13,5228,5228,27.3228,1.41847
1,14,2613,2613,17.4456,2.72527
1,15,5227,5227,15.2262,1.77255
1,16,222,222,18.3072,3.00593
1,17,133,133,7.41278,2.17954
1,18,133,133,7.34511,3.39317
1,19,133,133,8.67218,5.0094
1,20,1881,1881,36.7427,4.06332
2,12,229,229,18.7926,2.31993
2,13,230,230,25.3817,1.43624
2,14,114,114,16.9456,2.25006
2,15,230,230,12.1696,1.09921
2,16,9,9,17.0034,2.46304
2,17,6,6,4.49315,1.6565
2,18,6,6,4.39546,2.94264
2,19,6,6,6.36058,4.35459
2,20,83,83,33.8373,3.40307
3,12,230,230,19.1552,2.8582
3,13,230,230,26.5113,2.13878
3,14,114,114,14.1561,2.01886
3,15,230,230,13.1339,1.0653
3,16,9,9,17.8813,2.35392
3,17,6,6,6.63914,0.74565
3,18,6,6,3.59427,2.14505
3,19,6,6,6.40107,4.47882
3,20,83,83,35.0132,4.17227
4,12,229,229,19.9594,3.27714
4,13,229,229,27.7891,2.63131
4,14,114,114,14.2675,2.21436
4,15,230,230,13.7052,1.74367
4,16,9,9,13.8869,1.75966
4,17,6,6,2.94977,0.75342
4,18,6,6,2.78704,1.28111
4,19,6,6,5.62466,3.86522
4,20,83,83,35.6735,4.68031
6,12,5227,5227,20.4834,4.64412
6,13,5227,5227,29.3228,3.99227
6,14,2613,2613,15.2466,3.51272
6,15,5227,5227,15.9988,3.07191
6,16,222,222,15.3707,3.4477
6,17,133,133,4.22782,2.08496
6,18,133,133,2.62857,1.3959
6,19,133,133,4.20451,2.60164
6,20,1881,1881,34.1556,3.91918
7,12,230,230,19.5026,4.55001
7,13,230,230,30.7687,4.42885
7,14,114,114,15.9202,3.45836
7,15,230,230,16.9826,3.36917
7,16,9,9,14.1563,3.05415
7,17,6,6,4.39173,1.91312
7,18,6,6,1.60412,0.86497
7,19,6,6,3.94575,2.22408
7,20,83,83,33.8771,3.54419
8,12,5227,5227,21.2059,4.4824
8,13,5228,5228,30.8292,4.19239
8,14,2613,2613,17.459,4.59701
8,15,5228,5228,16.2973,4.02049
8,16,222,222,17.5351,5.12256
8,17,133,133,9.06992,4.93203
8,18,134,134,5.62537,4.08617
8,19,134,134,3.26716,1.5556
8,20,1881,1881,29.6739,0.559618
9,12,230,230,21.5248,4.41559
9,13,229,229,30.8052,4.36542
9,14,114,114,18.1491,4.78493
9,15,229,229,16.7328,4.12645
9,16,9,9,14.9717,5.66678
9,17,6,6,10.3501,4.8448
9,18,6,6,5.38474,4.3349
9,19,6,6,3.41203,1.37231
9,20,82,82,29.6598,0.3686
10,12,229,229,22.1677,4.85454
10,13,230,230,31.4139,4.45244
10,14,114,114,17.4193,4.88897
10,15,229,229,17.1445,4.45977
10,16,9,9,19.088,5.30983
10,17,6,6,7.84255,4.51318
10,18,6,6,4.62933,3.40087
10,19,6,6,2.81345,0.90188
10,20,83,83,30.5602,1.0348
11,12,5227,5227,22.8111,5.54806
11,13,5227,5227,32.4857,5.42641
11,14,2613,2613,17.1577,5.00096
11,15,5227,5227,17.3356,4.98751
11,16,222,222,17.4874,5.11477
11,17,133,133,7.29624,4.22087
11,18,134,134,4.56194,3.01615
11,19,133,133,3.34812,1.56112
11,20,1881,1881,31.2256,1.68269
