from_zone_id,to_zone_id,number_of_agents,number_of_agents_completing_trips,trip_time_in_min,distance
1,16,10,10,3.56774,1.72025
1,92,10,10,7.53412,4.01073
1,104,11,11,7.72119,5.68058
1,530,8,8,6.25613,4.80605
1,531,9,9,6.42362,4.73857
2,16,19,19,24.589,0.873463
2,92,15,15,23.765,3.90736
2,104,18,18,24.3583,5.2378
2,530,16,16,36.5722,3.98438
2,531,17,17,29.5357,3.87342
16,59,93,93,5.17526,3.3954
16,88,94,94,7.78926,5.07615
16,459,78,78,2.31337,0.726646
16,461,77,77,2.53188,0.847119
16,466,152,152,2.70954,0.934991
16,467,78,78,3.16036,1.17665
16,468,75,75,3.34757,1.26452
16,469,74,74,3.49432,2.32609
16,470,77,77,3.32392,2.23822
16,471,77,77,3.10332,2.15035
16,473,3,3,3.11912,2.13548
16,474,3,3,2.80412,1.99653
16,475,6,6,2.50367,1.87226
16,476,6,6,2.28365,1.74799
16,477,3,3,2.0061,1.62372
16,480,2,2,2.90454,2.05867
16,481,5,5,2.76537,1.99653
16,482,4,4,2.51268,1.87226
16,483,5,5,2.36407,1.74799
16,486,5,5,2.94418,2.1208
16,487,4,4,2.66962,1.99653
16,488,3,3,2.68416,1.87226
16,491,1,1,3.11249,2.43151
16,492,4,4,2.84009,2.36937
16,493,3,3,2.70837,2.2451
16,496,4,4,3.25484,2.49364
16,497,5,5,2.9328,2.36937
16,501,4,4,3.43596,2.25975
16,502,2,2,3.26285,2.57046
16,503,5,5,3.47034,2.63259
17,16,16,16,4.43466,1.38628
17,24,1,1,8.9325,2.28793
17,92,18,18,7.43249,3.86859
17,104,17,17,9.07312,5.55834
17,530,18,18,6.93983,4.29966
17,531,19,19,7.09347,4.32072
18,16,23,23,4.48996,1.98278
18,92,18,18,7.58885,3.90926
18,104,20,20,8.41565,5.14201
18,530,19,19,7.41603,4.07993
18,531,21,21,7.45011,4.38922
19,16,35,35,4.94948,1.66384
19,24,1,1,3.40234,1.49382
19,92,36,36,6.52062,3.32557
19,104,35,35,8.05805,4.53628
19,530,36,36,7.59141,4.09065
19,531,36,36,7.95539,3.76169
20,16,36,36,4.71577,1.29384
20,24,1,1,3.22766,1.45304
20,92,36,36,6.86397,3.40556
20,104,35,35,8.7202,4.86504
20,530,37,37,7.70408,4.09143
20,531,34,34,7.64175,3.91686
21,16,35,35,4.42223,0.888876
21,24,2,2,4.62711,1.71227
21,92,33,33,7.11653,3.62552
21,104,34,34,8.43574,4.88096
21,530,37,37,7.28007,3.61034
21,531,35,35,7.45366,3.66442
22,16,18,18,4.67184,0.769819
22,92,16,16,7.40397,3.80018
22,104,17,17,8.95301,5.14639
22,530,18,18,6.86759,3.31287
22,531,16,16,7.4001,3.24383
24,59,4,4,5.42117,1.98741
24,88,6,6,7.97056,4.54357
24,459,4,4,3.24179,1.6896
24,461,2,2,3.04794,1.56912
24,466,7,7,2.87784,1.48125
24,467,5,5,2.66384,1.30241
24,468,3,3,2.43483,1.21454
24,469,2,2,2.24063,1.12667
24,470,2,2,2.13287,1.0388
24,471,5,5,1.92141,0.95093
25,16,32,32,4.26145,1.62704
25,24,1,1,3.33026,1.40157
25,92,37,37,5.60719,3.06944
25,104,36,36,6.97363,4.21608
25,530,33,33,7.2323,3.45315
25,531,35,35,7.71547,3.58907
26,16,37,37,3.66898,1.46174
26,24,1,1,2.75098,1.09087
26,92,36,36,21.1285,2.75874
26,104,37,37,19.6195,3.78257
26,530,36,36,7.0795,3.30904
26,531,39,39,6.97781,3.19988
27,16,38,38,2.55032,1.05969
27,92,39,39,5.38773,3.1564
27,104,36,36,6.70682,4.36453
27,530,37,37,5.75332,3.11662
27,531,36,36,5.91565,3.01192
34,16,18,18,5.15516,1.73234
34,24,1,1,2.42957,1.23651
34,92,19,19,6.28896,3.38014
34,104,20,20,7.50922,4.49728
34,530,17,17,6.0314,3.10436
34,531,19,19,6.57094,3.10793
36,16,35,35,4.28706,1.83696
36,24,1,1,2.43127,0.99863
36,92,36,36,5.90449,3.19262
36,104,39,39,7.26546,4.33051
36,530,34,34,6.26189,3.08054
36,531,35,35,6.41743,2.95863
37,16,37,37,3.9671,1.83967
37,24,2,2,2.67563,0.77895
37,92,37,37,6.38296,3.41942
37,104,37,37,7.70862,4.51449
37,530,38,38,5.92964,2.7727
37,531,38,38,6.32868,2.81241
38,16,19,19,3.53934,1.12496
38,92,18,18,6.96755,3.57995
38,104,17,17,7.69239,4.6487
38,530,18,18,6.60804,2.72746
38,531,19,19,6.34183,2.69916
41,16,14,14,3.9195,1.95564
41,24,3,3,1.91083,0.79715
41,92,12,12,7.08782,3.58205
41,104,13,13,7.40291,4.46484
41,530,12,12,5.13553,2.62939
41,531,13,13,5.24936,2.5923
42,16,17,17,3.11645,1.64494
42,92,16,16,6.811,4.13088
42,104,17,17,7.64433,4.9328
42,530,18,18,4.7672,2.45575
42,531,18,18,5.07857,2.53848
43,16,9,9,7.85432,1.39638
43,92,10,10,9.03701,4.0669
43,104,9,9,12.0823,4.93745
43,530,10,10,4.47792,2.47757
43,531,11,11,4.18865,2.13971
59,16,96,96,5.74488,3.11836
59,24,4,4,3.55516,1.86031
59,92,94,94,5.47458,4.27881
59,104,93,93,4.42723,3.19035
59,530,96,96,2.60703,1.32025
59,531,93,93,2.61589,1.33428
88,16,92,92,6.77895,5.00098
88,24,2,2,6.46646,4.57518
88,92,96,96,3.37959,1.63093
88,104,94,94,3.16687,1.48945
88,530,94,94,4.2438,2.60762
88,531,92,92,4.27608,2.65389
92,59,95,95,4.59768,4.02861
92,88,92,92,3.23741,1.57245
92,459,76,76,4.26552,3.49462
92,461,76,76,4.36526,3.50216
92,466,150,150,4.52831,3.59003
92,467,75,75,4.28254,3.43626
92,468,76,76,4.44798,3.52413
92,469,77,77,4.35226,3.43626
92,470,75,75,4.50749,3.52413
92,471,77,77,4.42188,3.43626
92,473,4,4,4.8279,3.55676
92,474,7,7,4.76866,3.5461
92,475,3,3,4.81976,3.67037
92,476,1,1,4.69287,4.27804
92,477,3,3,4.60286,4.15377
92,480,2,2,5.45816,4.13688
92,481,7,7,5.10738,3.96987
92,482,4,4,5.12306,4.40231
92,483,5,5,4.74888,4.27804
92,486,4,4,5.13734,3.82398
92,487,6,6,5.39595,4.23741
92,488,5,5,5.00012,4.40231
92,491,1,1,5.36975,3.96292
92,492,5,5,5.67494,4.72455
92,493,3,3,5.2475,4.77515
92,496,3,3,5.38763,4.74235
92,497,3,3,5.42098,4.89942
92,500,7,7,5.09129,3.88492
92,501,4,4,5.07933,4.0963
92,502,6,6,5.63627,3.97358
92,503,4,4,5.08723,4.6034
94,16,1820,1820,51.3395,3.94437
94,24,69,69,49.9374,3.99341
94,92,1821,1821,48.0261,0.569381
94,104,1821,1821,49.0683,1.68498
94,530,1820,1820,51.393,3.92174
94,531,1820,1820,51.4459,3.96788
104,59,94,94,3.49421,2.95607
104,88,93,93,3.28867,1.55577
104,459,79,79,5.26131,4.48469
104,461,76,76,5.34081,4.49223
104,466,154,154,5.50201,4.5801
104,467,75,75,5.25183,4.42633
104,468,78,78,5.46084,4.5142
104,469,76,76,5.35322,4.42633
104,470,77,77,5.43931,4.48635
104,471,76,76,5.37105,4.4264
104,473,5,5,4.7816,4.08662
104,474,5,5,5.0327,4.22557
104,475,1,1,5.3335,4.19623
104,477,6,6,5.06907,4.75841
104,480,2,2,4.81482,4.08663
104,481,5,5,4.93258,4.07196
104,482,5,5,5.06454,4.04262
104,483,3,3,4.89056,4.38559
104,486,5,5,4.68962,3.94769
104,487,2,2,4.77707,3.91835
104,488,1,1,4.60419,4.26132
104,491,1,1,4.5224,3.80875
104,492,3,3,4.55457,3.79408
104,493,3,3,4.46535,4.13705
104,496,6,6,4.30746,3.66981
104,497,2,2,4.51324,3.79408
104,500,3,3,4.58223,3.94768
104,501,5,5,4.39225,3.80874
104,502,3,3,4.16866,3.6698
104,503,5,5,4.00055,3.53086
105,16,19,19,3.77318,1.78239
105,24,1,1,3.77808,2.90452
105,92,16,16,7.55078,4.1836
105,104,16,16,8.94145,5.48831
105,530,19,19,6.43606,4.89076
105,531,18,18,6.46389,4.80071
106,16,17,17,4.47959,1.61285
106,24,1,1,7.14551,2.96666
106,92,18,18,7.84155,4.04533
106,104,18,18,8.91632,5.89004
106,530,18,18,7.24578,4.73535
106,531,19,19,6.91028,4.60374
107,16,18,18,4.66789,1.72804
107,92,18,18,7.73145,4.09999
107,104,21,21,8.34579,5.50529
107,530,20,20,7.1899,4.53003
107,531,19,19,7.43077,4.40576
108,16,17,17,4.48457,1.55057
108,24,2,2,4.02289,2.35007
108,92,18,18,7.96475,3.94454
108,104,17,17,9.05482,5.79669
108,530,19,19,6.99855,4.46971
108,531,17,17,6.94852,4.46416
109,16,18,18,4.10859,1.2812
109,92,22,22,7.30567,4.05311
109,104,19,19,8.76433,5.22636
109,530,20,20,6.70908,4.23815
109,531,20,20,7.21329,4.12198
110,16,19,19,4.46444,1.11493
110,24,4,4,3.98314,2.10494
110,92,18,18,7.69013,4.045
110,104,19,19,8.8537,5.30946
110,530,17,17,7.14526,4.41459
110,531,19,19,6.64095,4.05984
111,16,17,17,4.2223,0.993062
111,24,1,1,7.40369,2.79725
111,92,15,15,7.42542,3.7583
111,104,18,18,8.85907,5.45153
111,530,16,16,6.91904,4.06518
111,531,19,19,7.05419,4.09948
112,16,17,17,4.37761,0.944605
112,24,1,1,3.4068,2.03937
112,92,18,18,7.33583,3.99883
112,104,17,17,9.48531,5.39113
112,530,22,22,6.2131,4.02782
112,531,20,20,6.80193,3.93898
113,16,18,18,4.40539,1.916
113,92,17,17,7.52579,3.97978
113,104,16,16,8.58616,5.32945
113,530,20,20,6.49642,4.86819
113,531,17,17,6.54866,4.82593
114,16,33,33,3.85109,1.84334
114,24,2,2,4.11984,2.38778
114,92,39,39,7.23665,3.97672
114,104,38,38,8.54537,5.20426
114,530,37,37,6.39027,4.90551
114,531,37,37,6.56397,4.82644
115,16,37,37,4.95104,1.65363
115,24,1,1,5.89319,2.29289
115,92,37,37,7.41053,3.82377
115,104,36,36,8.99408,5.47469
115,530,38,38,7.59361,4.66583
115,531,34,34,7.5343,4.62098
116,16,36,36,4.96215,1.59998
116,92,37,37,7.90551,3.94349
116,104,38,38,8.71173,5.27384
116,530,35,35,7.35251,4.61419
116,531,35,35,7.50283,4.53575
117,16,34,34,4.83098,1.65897
117,24,2,2,4.63501,2.41221
117,92,37,37,7.27878,3.84926
117,104,38,38,9.0755,5.1942
117,530,36,36,7.75208,4.65149
117,531,35,35,7.13981,4.45671
118,16,36,36,4.66067,1.53566
118,92,37,37,7.25453,3.75745
118,104,35,35,8.62314,5.25739
118,530,37,37,6.92704,4.50038
118,531,35,35,7.10425,4.2957
119,16,37,37,4.24119,1.24581
119,24,2,2,6.92181,2.28793
119,92,36,36,7.64456,3.92298
119,104,34,34,9.14304,5.42194
119,530,37,37,7.12067,4.35864
119,531,36,36,7.09409,4.28245
120,16,33,33,4.52395,1.20764
120,92,37,37,7.5126,3.79858
120,104,37,37,8.94429,5.22826
120,530,36,36,7.20548,4.21702
120,531,37,37,7.27356,4.22337
121,16,37,37,4.06832,1.09565
121,92,38,38,7.04663,3.8397
121,104,38,38,9.00302,5.26996
121,530,35,35,7.04538,4.2076
121,531,36,36,6.78659,4.11915
122,16,35,35,4.2722,1.04191
122,92,36,36,7.55065,3.84199
122,104,36,36,9.04145,5.22551
122,530,38,38,6.93158,4.14037
122,531,38,38,6.80559,4.02778
123,16,35,35,3.89047,1.0146
123,92,37,37,7.09716,3.77429
123,104,38,38,8.70316,5.01543
123,530,36,36,6.62455,4.09828
123,531,34,34,6.71417,3.96753
124,16,53,53,3.6948,0.905345
124,24,1,1,3.66351,2.39804
124,92,53,53,8.16465,4.08693
124,104,54,54,9.57991,5.51164
124,530,56,56,7.65299,4.40768
124,531,55,55,7.49671,4.31639
125,16,53,53,3.74369,0.897287
125,24,4,4,4.35516,2.12483
125,92,57,57,8.34305,4.15823
125,104,55,55,9.19464,5.36565
125,530,55,55,7.50632,4.3494
125,531,54,54,7.47443,4.2451
126,16,56,56,3.45645,0.78737
126,24,4,4,4.87735,2.27376
126,92,54,54,8.32216,4.24729
126,104,57,57,9.1069,5.50327
126,530,54,54,7.16558,4.30949
126,531,58,58,6.91867,4.23314
127,16,56,56,3.41424,0.746876
127,24,1,1,3.03851,2.21162
127,92,54,54,8.18477,4.30867
127,104,54,54,9.29104,5.68628
127,530,56,56,6.87775,4.22102
127,531,55,55,7.22366,4.17168
128,16,53,53,3.08691,0.660501
128,24,2,2,3.82208,2.22481
128,92,57,57,8.39962,4.80195
128,104,55,55,9.39789,5.86019
128,530,54,54,6.63853,4.17726
128,531,58,58,6.63733,4.1209
129,16,55,55,2.72032,0.670294
129,92,55,55,8.14035,4.72005
129,104,54,54,9.18124,5.81487
129,530,55,55,6.71263,4.1275
129,531,53,53,6.83277,4.07138
130,16,56,56,3.12771,0.660938
130,24,2,2,4.07419,2.10053
130,92,56,56,7.97635,4.79619
130,104,55,55,9.02546,5.79525
130,530,56,56,6.2862,4.06929
130,531,55,55,6.28516,3.98165
131,16,34,34,2.71485,0.516005
131,24,1,1,4.52094,1.96306
131,92,38,38,7.5108,4.57612
131,104,36,36,8.80055,5.73014
131,530,34,34,6.43932,3.99879
131,531,37,37,6.49028,3.92954
132,16,10,10,10.0084,0.585693
132,92,9,9,13.9865,4.44728
132,104,9,9,15.1704,5.59484
132,530,8,8,12.9355,3.93991
132,531,7,7,11.4019,3.8832
134,16,20,20,4.01454,1.84453
134,24,1,1,4.03778,2.96666
134,92,17,17,7.68548,3.9892
134,104,18,18,8.22678,5.40283
134,530,21,21,6.67167,4.95075
134,531,19,19,6.32828,4.88542
135,16,36,36,4.33744,2.00352
135,92,36,36,7.63944,4.23544
135,104,37,37,8.56812,5.66177
135,530,37,37,6.85849,5.00406
135,531,35,35,6.85312,4.93724
136,16,37,37,4.23932,1.96718
136,24,2,2,4.21341,3.01812
136,92,35,35,7.12908,3.6401
136,104,38,38,8.03125,5.12642
136,530,36,36,7.36571,4.65699
136,531,37,37,7.55968,4.45102
137,16,34,34,4.38274,1.95813
137,92,36,36,7.61414,4.08201
137,104,37,37,8.66959,5.42882
137,530,35,35,7.40816,4.72121
137,531,36,36,7.25376,4.63974
138,16,39,39,4.4312,2.06527
138,24,1,1,4.16913,1.74238
138,92,34,34,7.43952,3.82487
138,104,37,37,8.67943,5.13974
138,530,35,35,7.70068,4.46864
138,531,38,38,7.65809,4.59826
139,16,36,36,4.71851,1.50647
139,24,2,2,4.03369,1.68024
139,92,35,35,7.31029,3.61288
139,104,36,36,8.25446,4.71607
139,530,35,35,7.75471,4.27305
139,531,34,34,7.75066,4.26857
140,16,38,38,4.9961,1.38654
140,24,1,1,6.05475,2.47435
140,92,37,37,7.30735,3.71851
140,104,35,35,8.80765,5.15496
140,530,34,34,8.16662,4.2209
140,531,33,33,7.95157,4.36545
141,16,36,36,5.30412,1.47824
141,24,2,2,7.41083,2.87052
141,92,37,37,7.51865,3.78456
141,104,37,37,8.88083,5.34776
141,530,35,35,8.06175,4.4699
141,531,39,39,7.85271,4.35407
142,16,36,36,4.51191,1.1966
142,24,2,2,7.13849,2.22579
142,92,35,35,7.22699,3.60862
142,104,37,37,8.86026,5.03466
142,530,37,37,7.35226,4.26789
142,531,36,36,7.10202,4.26313
143,16,32,32,5.15088,1.45739
143,24,1,1,3.99207,2.28793
143,92,35,35,7.51451,3.68448
143,104,37,37,8.80623,5.11693
143,530,35,35,7.72637,4.38745
143,531,36,36,7.55672,4.31358
144,16,35,35,4.17587,1.10926
144,92,32,32,7.06681,3.58775
144,104,38,38,8.80807,5.3166
144,530,36,36,6.84123,4.10862
144,531,37,37,6.9519,4.09769
145,16,35,35,4.09117,0.997844
145,24,2,2,6.13135,2.16365
145,92,37,37,7.0918,3.71583
145,104,40,40,8.67192,5.19597
145,530,35,35,6.90025,4.19327
145,531,36,36,7.11538,4.05984
146,16,34,34,4.61498,1.13466
146,92,35,35,7.33809,3.76432
146,104,36,36,8.68801,5.24806
146,530,36,36,7.0899,4.2093
146,531,38,38,7.19238,4.13326
147,16,36,36,4.40912,1.0789
147,24,2,2,3.60364,2.31191
147,92,35,35,7.77723,3.9628
147,104,35,35,9.1823,5.42872
147,530,35,35,7.73174,4.2854
147,531,36,36,7.48251,4.22066
148,16,35,35,4.24374,1.00114
148,24,1,1,3.82764,2.35007
148,92,36,36,8.42599,4.145
148,104,36,36,9.56236,5.42234
148,530,35,35,7.26106,4.35719
148,531,39,39,7.50985,4.31564
149,16,37,37,3.87764,0.781395
149,92,37,37,7.70051,3.92927
149,104,39,39,9.10373,5.29832
149,530,36,36,7.3649,4.2478
149,531,35,35,7.56111,4.18439
150,16,35,35,3.97992,0.91324
150,24,1,1,5.85425,2.47435
150,92,38,38,7.97101,4.13158
150,104,38,38,9.30838,5.40419
150,530,36,36,7.43304,4.28205
150,531,34,34,7.53836,4.2349
151,16,37,37,3.69337,0.680283
151,92,36,36,8.14782,4.31886
151,104,35,35,8.97628,5.16089
151,530,36,36,7.16891,4.18438
151,531,33,33,6.86678,4.02453
152,16,36,36,3.40449,0.667771
152,24,1,1,2.92938,2.14948
152,92,35,35,8.08132,4.41791
152,104,34,34,9.49903,5.22233
152,530,34,34,7.39034,4.26697
152,531,36,36,7.16766,4.09999
153,16,19,19,2.46873,0.41214
153,24,1,1,5.37915,2.11371
153,92,17,17,8.15392,4.65468
153,104,18,18,9.02468,5.6152
153,530,19,19,6.39304,3.99016
153,531,19,19,7.05239,3.9932
155,16,18,18,4.10511,1.90667
155,92,19,19,7.66385,4.13545
155,104,18,18,8.41251,5.46118
155,530,15,15,7.06363,4.75904
155,531,16,16,7.73181,4.41435
156,16,38,38,4.67033,1.84108
156,92,39,39,7.27581,3.71601
156,104,35,35,8.82901,5.37239
156,530,38,38,7.47772,4.54483
156,531,37,37,7.36861,4.69959
157,16,34,34,4.74428,1.82249
157,24,1,1,4.40265,1.73171
157,92,37,37,7.18091,3.78387
157,104,37,37,8.67773,5.06459
157,530,33,33,7.49677,4.55278
157,531,34,34,7.46259,4.64881
158,16,34,34,4.66101,1.84619
158,24,1,1,4.79004,3.10599
158,92,40,40,6.87816,3.53903
158,104,35,35,8.01932,4.82904
158,530,36,36,7.43595,4.58583
158,531,32,32,7.92708,4.28394
159,16,34,34,4.80521,1.54386
159,24,1,1,4.48187,2.53649
159,92,38,38,7.21228,3.57944
159,104,37,37,8.53911,4.97926
159,530,37,37,7.69497,4.3398
159,531,37,37,7.54414,4.40553
160,16,37,37,4.84327,1.51441
160,92,33,33,6.83474,3.42035
160,104,38,38,8.43148,4.98777
160,530,37,37,7.726,4.21656
160,531,37,37,7.44835,4.31283
161,16,39,39,4.65178,1.38732
161,24,1,1,4.06787,2.41221
161,92,36,36,7.27266,3.67797
161,104,36,36,8.76613,4.9502
161,530,32,32,7.51022,4.60269
161,531,36,36,7.58695,4.46276
162,16,36,36,5.08554,1.35756
162,24,1,1,4.6814,2.10647
162,92,35,35,7.26975,3.67402
162,104,37,37,8.669,4.94075
162,530,38,38,7.54493,4.37505
162,531,34,34,7.26713,4.35945
163,16,37,37,4.88316,1.29527
163,92,37,37,7.18248,3.60612
163,104,35,35,9.10115,5.00556
163,530,36,36,7.38391,4.33958
163,531,34,34,7.33168,4.28937
164,16,37,37,4.34369,1.13054
164,92,35,35,7.52049,3.7716
164,104,34,34,8.67139,5.0688
164,530,35,35,7.32225,4.19113
164,531,35,35,7.33753,4.23874
165,16,36,36,4.37773,1.15393
165,92,34,34,7.21182,3.63311
165,104,35,35,8.57394,4.84165
165,530,37,37,7.09719,4.15821
165,531,37,37,7.34894,4.07843
166,16,32,32,4.20578,1.08583
166,92,37,37,7.43062,3.5631
166,104,38,38,9.41471,5.28282
166,530,35,35,7.2548,4.23574
166,531,33,33,7.612,4.14362
167,16,34,34,4.65612,1.08556
167,24,2,2,6.396,2.13048
167,92,37,37,7.53328,3.61824
167,104,37,37,8.90663,5.00609
167,530,35,35,8.41068,4.06456
167,531,34,34,8.31222,4.18322
168,16,36,36,4.23898,0.974434
168,24,2,2,6.81061,2.39804
168,92,36,36,8.02612,3.9465
168,104,36,36,9.09133,5.2183
168,530,36,36,8.1592,4.35327
168,531,36,36,8.01062,4.28895
169,16,36,36,3.85464,0.889301
169,92,40,40,7.85542,3.81377
169,104,37,37,9.17547,5.16022
169,530,37,37,7.96953,4.21214
169,531,36,36,7.94864,4.23126
170,16,38,38,3.62385,0.761561
170,92,36,36,8.1657,4.07541
170,104,37,37,9.22239,5.21283
170,530,35,35,7.57056,4.2527
170,531,36,36,7.5247,4.18039
171,16,34,34,3.48903,0.6607
171,24,1,1,3.36011,2.21162
171,92,36,36,7.84823,3.88995
171,104,36,36,8.78281,5.0844
171,530,37,37,7.67877,4.10552
171,531,35,35,7.57362,4.12717
172,16,36,36,3.34756,0.59856
172,24,1,1,5.10767,2.14948
172,92,36,36,8.41063,4.0731
172,104,35,35,9.51667,5.45257
172,530,35,35,7.45044,4.11945
172,531,38,38,7.60393,4.07893
173,16,35,35,3.37272,0.55744
173,92,36,36,7.73187,3.92828
173,104,35,35,9.35793,5.24686
173,530,35,35,7.37607,4.02101
173,531,33,33,7.15369,4.01635
174,16,17,17,3.22334,0.524868
174,24,1,1,6.63318,2.17585
174,92,17,17,8.21573,4.46044
174,104,17,17,8.93647,5.77891
174,530,17,17,6.85031,4.00824
174,531,17,17,6.91939,3.86264
176,16,18,18,4.47215,2.10641
176,24,1,1,7.6012,3.09094
176,92,18,18,7.23745,3.83961
176,104,17,17,8.49689,4.95379
176,530,16,16,7.79708,4.15297
176,531,19,19,8.12431,4.35433
177,16,37,37,4.57583,2.06442
177,24,1,1,4.27283,3.15308
177,92,38,38,7.75959,4.06237
177,104,34,34,8.8773,5.42757
177,530,35,35,7.76772,4.40769
177,531,37,37,7.91602,4.47034
178,16,36,36,4.67234,2.12796
178,24,2,2,4.42694,1.74238
178,92,38,38,7.37695,3.6175
178,104,35,35,8.59619,5.01353
178,530,36,36,7.39066,4.52403
178,531,38,38,7.65536,4.66409
179,16,34,34,5.00575,1.8782
179,24,1,1,4.30109,1.73171
179,92,36,36,7.44656,3.79877
179,104,34,34,8.95597,5.16234
179,530,35,35,7.98826,4.20294
179,531,33,33,8.0191,4.31193
180,16,36,36,4.77226,1.91548
180,92,35,35,6.78575,3.48218
180,104,38,38,8.12608,4.93445
180,530,35,35,7.64081,4.1897
180,531,35,35,7.38193,4.35777
181,16,36,36,5.13416,1.60572
181,92,34,34,6.76612,3.36844
181,104,38,38,7.79086,4.43765
181,530,38,38,8.01917,4.14396
181,531,40,40,8.02429,3.94095
182,16,33,33,5.21754,1.61738
182,24,1,1,3.6864,1.6181
182,92,35,35,7.0722,3.59242
182,104,36,36,7.86868,4.74031
182,530,38,38,7.77698,4.26772
182,531,34,34,7.78109,4.33172
183,16,35,35,5.30356,1.60283
183,24,3,3,4.53233,2.12845
183,92,36,36,6.99767,3.37148
183,104,37,37,8.09082,4.6244
183,530,35,35,7.98874,4.17601
183,531,37,37,7.84022,4.21982
184,16,37,37,5.15447,1.37806
184,24,1,1,3.71875,1.74238
184,92,34,34,7.34052,3.5918
184,104,37,37,8.598,5.13512
184,530,35,35,8.06436,4.20843
184,531,39,39,8.08712,4.22463
185,16,37,37,4.9424,1.4277
185,24,1,1,5.15784,1.52585
185,92,35,35,6.80992,3.44218
185,104,38,38,8.61409,4.74668
185,530,36,36,8.25682,4.16513
185,531,37,37,8.26078,4.05029
186,16,34,34,4.44606,1.1678
186,24,1,1,3.42432,2.22579
186,92,37,37,7.01686,3.5558
186,104,36,36,8.54051,4.87957
186,530,36,36,7.96689,3.91487
186,531,35,35,7.70654,3.94613
187,16,36,36,5.17698,1.39293
187,24,1,1,3.98102,2.28793
187,92,37,37,7.12675,3.57338
187,104,34,34,8.67372,4.81687
187,530,37,37,8.15034,3.95789
187,531,37,37,8.16061,4.09235
188,16,37,37,4.61836,1.3455
188,92,38,38,6.98517,3.47133
188,104,36,36,9.06777,4.96249
188,530,33,33,8.1507,4.12278
188,531,35,35,8.57381,3.82905
189,16,37,37,4.84274,1.29045
189,24,1,1,3.79297,2.41221
189,92,35,35,7.40531,3.61958
189,104,35,35,8.93861,4.93191
189,530,36,36,7.7994,4.18904
189,531,36,36,8.30226,4.10099
190,16,37,37,4.90342,1.40525
190,92,35,35,7.49361,3.66911
190,104,37,37,8.82732,4.83734
190,530,36,36,8.41233,3.81625
190,531,34,34,8.36381,3.8634
191,16,36,36,4.29256,0.871819
191,24,3,3,5.82564,2.46963
191,92,34,34,7.12827,3.6157
191,104,35,35,8.78968,4.87993
191,530,34,34,8.52435,3.88204
191,531,35,35,8.38618,4.04043
192,16,33,33,4.12105,0.885264
192,24,2,2,4.01581,1.62735
192,92,38,38,7.30147,3.7381
192,104,36,36,8.94722,4.89277
192,530,37,37,7.48388,3.61677
192,531,35,35,7.23462,3.54999
193,16,34,34,3.75897,0.703977
193,92,35,35,7.55807,3.91321
193,104,34,34,9.01988,4.9964
193,530,38,38,7.81355,4.03229
193,531,37,37,7.43592,3.98898
194,16,37,37,3.56882,0.775505
194,24,3,3,4.13116,1.47677
194,92,34,34,7.28334,3.72069
194,104,38,38,8.48618,5.09536
194,530,38,38,7.27633,3.59589
194,531,36,36,7.64217,3.42318
195,16,17,17,3.72863,0.53642
195,92,16,16,7.88226,4.02802
195,104,19,19,8.80902,5.18045
195,530,17,17,7.61579,3.92676
195,531,20,20,7.54348,3.97906
197,16,34,34,4.35901,2.1254
197,92,36,36,7.08819,3.74497
197,104,33,33,8.43554,4.99346
197,530,33,33,7.75135,4.08145
197,531,36,36,7.80868,4.1317
198,16,38,38,5.16831,1.98592
198,92,37,37,6.82844,3.50258
198,104,38,38,8.48734,4.78228
198,530,37,37,7.82648,4.22171
198,531,35,35,7.57825,4.33475
199,16,37,37,4.88308,1.89043
199,92,37,37,6.99865,3.57857
199,104,36,36,8.3337,4.85022
199,530,34,34,7.74671,4.01549
199,531,36,36,8.14636,3.90397
200,16,37,37,5.05898,1.69777
200,24,2,2,4.45566,1.92005
200,92,35,35,6.67901,3.39742
200,104,36,36,7.98772,4.43578
200,530,36,36,8.05375,3.97252
200,531,36,36,7.93902,3.89073
201,16,38,38,4.88922,1.61672
201,24,2,2,3.74759,1.738
201,92,37,37,6.45807,3.30397
201,104,31,31,8.26748,4.5947
201,530,36,36,7.77506,3.9765
201,531,35,35,7.68875,4.11515
202,16,34,34,4.71793,1.56703
202,24,2,2,3.75183,1.60304
202,92,39,39,6.74415,3.32744
202,104,37,37,8.20577,4.67727
202,530,35,35,8.25448,4.10728
202,531,35,35,8.56825,4.04612
203,16,35,35,4.8412,1.48997
203,92,36,36,6.90818,3.49304
203,104,37,37,8.28509,4.69201
203,530,37,37,8.1825,4.11699
203,531,37,37,8.55391,4.03986
204,16,35,35,4.77364,1.38663
204,92,37,37,6.65416,3.41519
204,104,35,35,8.32322,4.60549
204,530,37,37,8.127,4.02044
204,531,37,37,8.09684,4.09463
205,16,37,37,5.18163,1.3435
205,24,1,1,2.88458,1.46371
205,92,35,35,6.91453,3.38969
205,104,36,36,8.23493,4.55365
205,530,36,36,8.08765,3.95155
205,531,36,36,7.95295,3.87738
206,16,37,37,4.81451,1.29866
206,24,4,4,4.34131,2.10383
206,92,38,38,7.17192,3.52794
206,104,38,38,8.07908,4.46133
206,530,36,36,8.35469,3.90515
206,531,36,36,8.24537,3.80802
207,16,38,38,4.59441,1.30001
207,92,39,39,7.03678,3.53066
207,104,36,36,8.45565,4.70037
207,530,37,37,8.38382,3.78349
207,531,37,37,7.9214,3.76718
208,16,33,33,4.68136,1.14881
208,24,1,1,4.79736,1.4863
208,92,37,37,7.03042,3.57206
208,104,38,38,8.11399,4.6148
208,530,34,34,7.36881,3.68791
208,531,35,35,8.48987,3.6764
209,16,37,37,4.25726,0.915904
209,92,37,37,6.9715,3.61146
209,104,35,35,8.42649,4.83362
209,530,34,34,7.02502,3.49715
209,531,35,35,6.82355,3.55414
210,16,36,36,4.16644,0.831095
210,92,34,34,7.1052,3.62217
210,104,35,35,8.08202,4.79332
210,530,35,35,6.67637,3.45116
210,531,36,36,6.54362,3.49151
211,16,36,36,4.21654,0.765021
211,24,1,1,3.82092,1.7684
211,92,36,36,7.07408,3.67481
211,104,34,34,8.05623,4.83452
211,530,33,33,6.97551,3.4995
211,531,35,35,7.35497,3.38638
213,16,17,17,4.43441,1.71462
213,92,19,19,7.34683,3.55205
213,104,17,17,8.60063,5.12627
213,530,19,19,7.58322,3.83567
213,531,18,18,7.38516,4.08276
214,16,36,36,5.10274,2.07007
214,24,2,2,3.91898,1.71665
214,92,36,36,7.27186,3.6181
214,104,38,38,8.34822,4.88626
214,530,35,35,7.85442,4.09378
214,531,36,36,8.32226,4.04872
215,16,36,36,5.27864,1.79432
215,24,1,1,3.40485,1.65451
215,92,36,36,6.96092,3.46314
215,104,36,36,8.14433,4.62689
215,530,34,34,8.08069,3.92637
215,531,37,37,7.78426,3.88452
216,16,36,36,5.46455,1.8513
216,24,2,2,3.7272,1.75621
216,92,33,33,6.66054,3.4112
216,104,37,37,8.32925,4.56903
216,530,36,36,7.94724,3.86058
216,531,35,35,8.06414,3.95462
217,16,35,35,5.39142,1.79648
217,92,36,36,6.47802,3.33969
217,104,35,35,7.85068,4.45674
217,530,34,34,7.83876,3.89848
217,531,37,37,7.53789,3.75112
218,16,38,38,5.12895,1.71935
218,92,34,34,6.42603,3.24784
218,104,34,34,7.87853,4.53448
218,530,34,34,7.71793,3.75608
218,531,37,37,7.84786,3.76119
219,16,34,34,5.12492,1.61397
219,24,1,1,4.0509,1.47877
219,92,37,37,6.30893,3.15925
219,104,34,34,7.62072,4.16582
219,530,33,33,7.67418,3.81843
219,531,35,35,7.95156,3.76257
220,16,36,36,4.80486,1.47582
220,92,36,36,6.53343,3.20694
220,104,38,38,7.53555,4.17044
220,530,37,37,7.91987,3.84279
220,531,36,36,8.03542,3.78592
221,16,36,36,4.87415,1.39639
221,92,36,36,6.62185,3.33391
221,104,39,39,7.89855,4.33535
221,530,38,38,8.17637,3.92318
221,531,34,34,8.18875,3.99237
222,16,38,38,5.23311,1.43197
222,24,2,2,3.85876,1.93263
222,92,34,34,6.74978,3.25105
222,104,36,36,7.633,4.48142
222,530,35,35,7.55838,4.03704
222,531,35,35,8.13083,3.7418
223,16,36,36,4.7686,1.33041
223,24,1,1,4.7207,1.33943
223,92,35,35,6.41589,3.24655
223,104,36,36,7.41621,4.44832
223,530,37,37,7.77603,3.88916
223,531,36,36,7.9443,3.7564
224,16,35,35,5.38732,1.39759
224,92,37,37,6.78621,3.32569
224,104,38,38,8.15674,4.47997
224,530,34,34,8.55472,3.66245
224,531,36,36,8.41789,3.58427
225,16,35,35,5.55433,1.5529
225,24,1,1,4.94873,1.46371
225,92,40,40,6.49449,3.22313
225,104,36,36,8.12565,4.33498
225,530,36,36,7.79004,3.60718
225,531,35,35,7.92034,3.55354
226,16,36,36,5.13827,1.39068
226,24,1,1,4.1084,1.4863
226,92,36,36,6.8664,3.45647
226,104,37,37,8.65271,4.5706
226,530,34,34,7.63864,3.5966
226,531,36,36,7.67867,3.59576
227,16,35,35,4.66751,1.09581
227,24,1,1,3.65503,1.42416
227,92,33,33,6.99955,3.3737
227,104,39,39,8.10679,4.59044
227,530,37,37,7.61039,3.52308
227,531,35,35,7.04757,3.37973
228,16,39,39,4.6587,1.0811
228,24,1,1,4.22485,1.36202
228,92,35,35,7.28868,3.64277
228,104,36,36,8.46256,4.84697
228,530,36,36,7.10588,3.49001
228,531,37,37,7.10342,3.38956
229,16,34,34,4.70244,1.1289
229,24,1,1,3.35522,1.29988
229,92,35,35,7.16297,3.63368
229,104,38,38,8.24182,4.62355
229,530,39,39,6.99099,3.33519
229,531,34,34,7.40492,3.27302
230,16,38,38,4.28161,0.945243
230,24,1,1,3.54639,1.74435
230,92,34,34,6.9067,3.61904
230,104,40,40,8.16456,4.76533
230,530,38,38,7.00464,3.34066
230,531,37,37,7.26137,3.23202
231,16,35,35,4.26541,0.917575
231,92,38,38,6.91295,3.71647
231,104,37,37,8.61114,4.8349
231,530,37,37,6.62565,3.18355
231,531,32,32,6.93862,3.07179
232,16,18,18,4.18197,0.714828
232,92,18,18,6.84874,3.79859
232,104,18,18,8.49774,5.0579
232,530,21,21,6.72539,3.18296
232,531,19,19,6.35156,3.06745
234,16,17,17,5.23113,1.41957
234,24,1,1,4.11011,1.86229
234,92,19,19,7.12861,3.80252
234,104,17,17,7.91871,4.74446
234,530,21,21,7.20864,3.78373
234,531,18,18,7.20544,3.96695
235,16,35,35,4.97153,1.41796
235,24,3,3,4.05141,1.90016
235,92,36,36,7.15576,3.69097
235,104,39,39,8.69387,5.05913
235,530,37,37,7.22215,4.05926
235,531,37,37,7.26248,3.99148
236,16,37,37,4.85118,1.55305
236,92,35,35,7.0542,3.51888
236,104,31,31,8.79219,5.0963
236,530,34,34,7.57518,3.99518
236,531,35,35,7.93845,3.91762
237,16,34,34,5.09517,1.61848
237,24,1,1,4.35925,2.04871
237,92,36,36,7.2984,3.59821
237,104,35,35,8.68526,4.8512
237,530,37,37,7.87511,4.02116
237,531,38,38,7.93557,4.06057
238,16,37,37,5.42625,1.59734
238,24,1,1,4.54199,1.61373
238,92,36,36,6.79924,3.31598
238,104,36,36,8.03574,4.64525
238,530,35,35,8.06129,3.89148
238,531,36,36,8.16021,3.85288
239,16,36,36,5.279,1.78263
239,24,1,1,3.83008,1.73363
239,92,33,33,6.30361,3.34738
239,104,36,36,7.69624,4.44472
239,530,37,37,7.52704,3.61029
239,531,36,36,7.57888,3.81167
240,16,36,36,4.83243,1.83803
240,24,1,1,3.80432,1.61373
240,92,38,38,6.33432,3.32071
240,104,37,37,7.7422,4.56772
240,530,36,36,7.88157,3.83177
240,531,37,37,7.49079,3.76442
241,16,34,34,4.8082,1.73498
241,24,1,1,4.63483,1.85791
241,92,36,36,5.85942,3.116
241,104,38,38,7.27178,4.10496
241,530,34,34,7.74052,3.62634
241,531,37,37,7.24585,3.58869
242,16,33,33,4.74976,1.74918
242,92,36,36,6.57025,3.1773
242,104,35,35,7.62332,4.19032
242,530,37,37,7.8219,3.80732
242,531,35,35,8.03518,3.60684
243,16,34,34,5.07958,1.71026
243,24,2,2,5.35938,1.55754
243,92,35,35,6.35465,3.12962
243,104,36,36,7.58079,4.22655
243,530,38,38,7.52691,3.63333
243,531,36,36,7.93591,3.52054
244,16,36,36,4.97576,1.51273
244,92,37,37,5.89174,3.14794
244,104,35,35,7.37111,4.31799
244,530,36,36,8.03169,3.70303
244,531,34,34,7.7754,3.69296
245,16,34,34,5.01757,1.4002
245,24,1,1,4.34454,1.56664
245,92,37,37,6.16546,3.27134
245,104,36,36,7.53507,4.35235
245,530,36,36,7.97021,3.66177
245,531,38,38,7.83157,3.73945
246,16,34,34,4.98314,1.44394
246,24,1,1,8.96667,2.53649
246,92,38,38,6.33396,3.13369
246,104,35,35,7.56178,4.20527
246,530,38,38,7.79488,3.46391
246,531,34,34,7.67759,3.47642
247,16,37,37,5.46827,1.54906
247,92,37,37,6.25474,3.26355
247,104,36,36,7.6615,4.45801
247,530,37,37,7.90246,3.63837
247,531,34,34,8.32435,3.53866
248,16,35,35,4.30825,1.34158
248,24,2,2,5.75266,1.36202
248,92,37,37,6.55026,3.45646
248,104,36,36,8.0196,4.5385
248,530,36,36,7.4201,3.46148
248,531,36,36,6.80432,3.38845
249,16,37,37,4.56957,1.35375
249,92,34,34,6.75367,3.39882
249,104,34,34,7.94997,4.56425
249,530,38,38,7.40116,3.52336
249,531,35,35,7.44765,3.44134
250,16,35,35,4.12487,1.17727
250,92,35,35,6.65297,3.4007
250,104,35,35,8.36298,4.81902
250,530,36,36,6.56604,3.26067
250,531,36,36,6.64467,3.35835
251,16,36,36,4.15546,1.31484
251,24,1,1,3.1123,1.29988
251,92,36,36,6.72204,3.62134
251,104,35,35,8.40695,4.71337
251,530,36,36,6.63339,3.31014
251,531,38,38,7.04214,3.30415
252,16,38,38,3.56334,1.04766
252,24,2,2,2.81985,1.11346
252,92,38,38,6.89546,3.60479
252,104,39,39,8.07905,4.72185
252,530,35,35,6.52786,3.11991
252,531,35,35,6.67998,3.18827
253,16,18,18,3.9019,1.14181
253,24,2,2,3.12225,1.1756
253,92,18,18,6.928,3.71554
253,104,20,20,7.9984,4.6987
253,530,15,15,7.18223,3.29574
253,531,16,16,6.57591,3.24115
255,16,19,19,4.37131,1.2266
255,24,1,1,4.30005,2.15427
255,92,20,20,6.86323,3.56522
255,104,18,18,7.84531,4.90912
255,530,18,18,7.03555,3.83257
255,531,17,17,7.20003,3.87901
256,16,35,35,5.44799,1.46047
256,92,34,34,6.72106,3.44941
256,104,36,36,8.1181,4.8887
256,530,37,37,7.99781,3.83132
256,531,37,37,7.90868,3.92606
257,16,37,37,4.91409,1.47576
257,24,1,1,3.77045,1.60305
257,92,37,37,6.44565,3.45898
257,104,37,37,7.97321,4.61993
257,530,34,34,7.8573,3.80638
257,531,39,39,7.80137,3.80955
258,16,38,38,5.42465,1.99068
258,24,1,1,3.58435,1.79577
258,92,34,34,6.64056,3.36468
258,104,36,36,7.67344,4.44799
258,530,37,37,7.9155,3.6696
258,531,36,36,7.87126,3.766
259,16,34,34,4.923,1.8539
259,92,36,36,6.24461,3.25729
259,104,37,37,7.72759,4.4392
259,530,36,36,7.66903,3.68547
259,531,35,35,7.60525,3.55677
260,16,37,37,4.64686,1.86409
260,24,1,1,3.70581,1.41663
260,92,36,36,6.07945,3.19658
260,104,37,37,7.43195,4.31672
260,530,35,35,7.39474,3.80566
260,531,38,38,7.67804,3.61154
261,16,37,37,5.34925,1.90108
261,24,3,3,3.21444,1.35449
261,92,37,37,5.89318,3.12123
261,104,37,37,7.20812,4.10694
261,530,39,39,7.69417,3.5292
261,531,36,36,7.96867,3.45232
262,16,37,37,4.89901,1.71376
262,24,1,1,4.78796,1.79577
262,92,36,36,6.12727,3.17796
262,104,35,35,7.21031,4.08431
262,530,38,38,7.31417,3.71
262,531,36,36,7.62692,3.58711
263,16,35,35,4.55431,1.63971
263,24,1,1,2.57281,1.23021
263,92,37,37,5.89204,3.06745
263,104,34,34,7.0396,4.0118
263,530,36,36,7.26315,3.58995
263,531,36,36,7.56562,3.5144
264,16,36,36,4.42731,1.48328
264,24,1,1,2.68542,1.27729
264,92,35,35,6.01252,3.0711
264,104,36,36,7.23311,4.19161
264,530,34,34,7.26482,3.47727
264,531,37,37,7.71728,3.44645
265,16,34,34,4.36368,1.4732
265,92,35,35,5.87633,3.11548
265,104,35,35,7.19194,4.18661
265,530,36,36,7.4104,3.62779
265,531,34,34,7.33704,3.6611
266,16,36,36,4.44417,1.474
266,24,1,1,5.09717,1.4863
266,92,35,35,6.41009,3.20895
266,104,35,35,7.46125,4.28409
266,530,36,36,7.17211,3.50678
266,531,35,35,7.09433,3.4425
267,16,37,37,3.95798,1.38578
267,92,36,36,5.93793,3.10903
267,104,35,35,7.25339,4.16487
267,530,36,36,6.75561,3.38783
267,531,39,39,7.18797,3.35481
268,16,34,34,3.94684,1.36705
268,24,2,2,2.83218,1.36202
268,92,36,36,6.43105,3.49077
268,104,37,37,7.55793,4.49842
268,530,36,36,7.0795,3.39784
268,531,35,35,6.9554,3.25821
269,16,36,36,3.6478,1.23861
269,92,37,37,6.25884,3.2104
269,104,35,35,7.58167,4.49049
269,530,37,37,6.29712,3.30402
269,531,36,36,6.8724,3.27724
270,16,36,36,3.46717,1.1415
270,24,1,1,3.89081,1.23774
270,92,36,36,6.52695,3.5391
270,104,38,38,7.93515,4.66246
270,530,34,34,6.52176,3.24545
270,531,39,39,6.57006,3.13393
271,16,37,37,3.20194,1.11972
271,24,1,1,2.43311,1.1756
271,92,37,37,6.59245,3.47098
271,104,38,38,7.73668,4.57195
271,530,37,37,6.20629,3.13927
271,531,36,36,5.91913,3.07179
272,16,36,36,3.51745,1.05852
272,24,2,2,2.94839,1.11346
272,92,35,35,6.8001,3.59158
272,104,34,34,7.81377,4.78074
272,530,36,36,5.78359,3.11772
272,531,39,39,5.93372,3.0557
273,16,35,35,3.15981,0.994117
273,92,34,34,6.63113,3.57574
273,104,39,39,7.53513,4.67228
273,530,35,35,6.10376,3.01499
273,531,38,38,6.16799,2.94751
274,16,20,20,3.33159,1.07406
274,24,2,2,3.71432,0.98918
274,92,17,17,6.62848,3.72642
274,104,18,18,8.00968,4.82402
274,530,17,17,5.23082,2.95285
274,531,19,19,5.8406,2.88537
276,16,20,20,4.43036,1.0901
276,24,1,1,3.81665,1.73801
276,92,17,17,6.97867,3.54399
276,104,17,17,7.74191,4.56827
276,530,18,18,6.80752,3.67749
276,531,17,17,7.00836,3.66144
277,16,36,36,4.9792,1.19207
277,92,37,37,7.00731,3.64936
277,104,34,34,8.42992,4.99703
277,530,33,33,6.98224,3.66747
277,531,36,36,7.09068,3.80592
278,16,37,37,4.68423,1.27876
278,24,1,1,4.80945,1.65013
278,92,34,34,6.65449,3.39079
278,104,34,34,7.84476,4.44199
278,530,34,34,7.4744,3.88914
278,531,38,38,7.57956,3.93148
279,16,36,36,5.35172,1.40534
279,24,2,2,4.03473,1.76374
279,92,35,35,6.88948,3.51029
279,104,35,35,8.06925,4.62357
279,530,35,35,7.97422,3.79638
279,531,34,34,7.76749,3.87076
280,16,37,37,4.96095,1.33284
280,24,2,2,3.90845,1.59867
280,92,37,37,6.24254,3.20044
280,104,38,38,7.82583,4.42452
280,530,37,37,8.00491,3.60985
280,531,37,37,7.69368,3.56609
281,16,39,39,4.75414,1.75616
281,24,1,1,3.29065,1.46371
281,92,38,38,5.91863,3.13158
281,104,37,37,7.33061,4.26225
281,530,37,37,7.52033,3.58399
281,531,38,38,7.4002,3.61751
282,16,34,34,5.03632,1.80542
282,24,1,1,3.56488,1.52585
282,92,34,34,6.20958,3.19738
282,104,35,35,7.94728,4.45259
282,530,36,36,7.76727,3.69695
282,531,37,37,7.48594,3.64803
283,16,34,34,4.485,1.70043
283,92,37,37,5.84155,3.0073
283,104,35,35,7.00221,4.06025
283,530,35,35,7.91798,3.63532
283,531,36,36,7.57033,3.62501
284,16,38,38,4.78577,1.79959
284,92,36,36,5.86176,3.07331
284,104,37,37,7.36784,4.1123
284,530,33,33,8.01297,3.51158
284,531,35,35,7.7664,3.42945
285,16,35,35,4.07115,1.58092
285,24,2,2,2.31375,1.14234
285,92,35,35,5.41922,2.89306
285,104,35,35,6.76349,3.88534
285,530,37,37,7.16057,3.34176
285,531,36,36,6.8645,3.21275
286,16,38,38,9.59937,1.49613
286,24,3,3,5.05109,1.45806
286,92,36,36,8.75428,2.9661
286,104,36,36,15.2464,3.87233
286,530,38,38,11.3639,3.35912
286,531,37,37,9.40484,3.30683
287,16,37,37,4.69995,1.57443
287,92,32,32,5.84934,2.93123
287,104,36,36,6.99935,3.99839
287,530,36,36,7.65462,3.41502
287,531,37,37,7.70296,3.39468
288,16,36,36,3.5975,1.2939
288,24,1,1,3.56097,1.32876
288,92,35,35,5.67059,3.08467
288,104,35,35,6.90576,4.02845
288,530,36,36,7.27025,3.41881
288,531,36,36,7.65042,3.2672
289,16,35,35,4.18123,1.5052
289,24,1,1,4.45813,1.33943
289,92,35,35,5.67434,3.04218
289,104,35,35,7.12723,4.12547
289,530,35,35,7.54141,3.39482
289,531,36,36,7.54596,3.35507
290,16,35,35,3.27204,1.17728
290,92,35,35,6.03726,3.2361
290,104,36,36,7.12507,4.30379
290,530,35,35,6.59841,3.22035
290,531,36,36,6.49816,3.23906
291,16,32,32,3.60593,1.28458
291,24,1,1,2.67053,1.29988
291,92,36,36,6.27498,3.2666
291,104,37,37,6.99669,4.22181
291,530,36,36,7.03138,3.26969
291,531,36,36,6.8896,3.23905
292,16,37,37,2.89806,1.06067
292,24,1,1,2.51733,1.11346
292,92,36,36,6.00477,3.37462
292,104,36,36,7.41067,4.39837
292,530,36,36,5.96785,3.07713
292,531,34,34,5.96842,3.09559
293,16,38,38,3.06713,1.12183
293,24,1,1,2.31769,1.1756
293,92,36,36,6.16702,3.43676
293,104,38,38,7.74105,4.44044
293,530,36,36,6.42721,3.19289
293,531,36,36,6.34334,3.08483
294,16,36,36,2.49124,0.903019
294,24,3,3,3.63304,1.46413
294,92,37,37,6.24811,3.5491
294,104,33,33,7.3352,4.61426
294,530,34,34,5.72044,2.99582
294,531,36,36,5.63734,2.92595
295,16,5,5,3.15632,0.96143
295,92,8,8,6.43615,3.55828
295,104,7,7,7.57415,4.62354
295,530,10,10,5.31216,3.16109
295,531,9,9,5.31356,3.10985
297,16,12,12,4.54233,0.937238
297,24,1,1,3.76978,1.67587
297,92,12,12,7.03023,3.38014
297,104,15,15,8.02131,4.63708
297,530,16,16,6.64978,3.51848
297,531,13,13,7.37538,3.69712
298,16,37,37,4.53706,1.03685
298,24,1,1,3.39197,1.65013
298,92,38,38,6.28683,3.318
298,104,35,35,8.12603,4.6103
298,530,36,36,6.91884,3.69066
298,531,36,36,6.90042,3.60915
299,16,36,36,4.9489,1.24649
299,24,2,2,3.77301,1.69407
299,92,34,34,6.41122,3.29225
299,104,35,35,7.49724,4.45641
299,530,36,36,7.76002,3.74413
299,531,37,37,7.72633,3.6803
300,16,34,34,5.18509,1.40083
300,24,1,1,4.28235,1.67149
300,92,35,35,6.02647,3.20792
300,104,34,34,7.52717,4.3645
300,530,37,37,7.72648,3.59802
300,531,38,38,7.81195,3.56257
301,16,37,37,4.48066,1.59819
301,24,1,1,3.30994,1.60935
301,92,35,35,6.11661,3.18066
301,104,35,35,7.34662,4.27213
301,530,33,33,7.80959,3.53556
301,531,35,35,7.4608,3.49778
302,16,37,37,4.20205,1.63091
302,92,38,38,5.47465,3.04597
302,104,37,37,6.69324,4.04492
302,530,36,36,7.22067,3.50832
302,531,36,36,7.66352,3.44133
303,16,35,35,4.05533,1.54489
303,24,3,3,3.4258,1.43296
303,92,37,37,5.34746,2.94516
303,104,39,39,6.69442,3.96103
303,530,36,36,7.63696,3.48421
303,531,35,35,7.43297,3.40277
304,16,33,33,4.20747,1.52398
304,24,2,2,3.75964,1.5108
304,92,35,35,5.41306,2.89012
304,104,36,36,6.36847,3.86991
304,530,36,36,7.33336,3.44379
304,531,39,39,7.20451,3.31219
305,16,37,37,4.52934,1.49391
305,24,1,1,2.89307,1.15301
305,92,36,36,6.22473,2.82778
305,104,37,37,7.04213,3.90357
305,530,36,36,7.69666,3.37944
305,531,37,37,7.1505,3.23935
306,16,37,37,3.45909,1.29352
306,92,38,38,5.12976,2.89167
306,104,37,37,6.30153,3.89349
306,530,36,36,6.80288,3.24489
306,531,36,36,6.76479,3.22962
307,16,36,36,3.17278,1.26833
307,24,2,2,4.5614,1.29988
307,92,37,37,5.17004,2.91601
307,104,37,37,6.16235,3.93985
307,530,38,38,6.41402,3.2773
307,531,35,35,6.32619,3.31384
308,16,36,36,2.98399,1.19406
308,24,3,3,2.87048,1.14695
308,92,32,32,5.31027,3.08221
308,104,39,39,6.44922,4.18315
308,530,39,39,6.24224,3.19471
308,531,38,38,6.38571,3.12706
309,16,36,36,2.79608,1.12384
309,92,36,36,5.32843,3.16933
309,104,37,37,6.51622,4.11565
309,530,37,37,5.80901,3.17876
309,531,36,36,6.25658,3.07179
310,16,36,36,2.28821,0.96143
310,92,35,35,5.55264,3.23495
310,104,38,38,6.96131,4.4691
310,530,34,34,5.73754,3.05796
310,531,35,35,5.71374,3.031
311,16,35,35,2.03857,0.89929
311,92,36,36,5.91828,3.39349
311,104,35,35,6.66757,4.45269
311,530,34,34,5.40599,2.99582
311,531,37,37,5.4887,2.96434
312,16,37,37,2.07502,0.874249
312,92,36,36,5.76046,3.38781
312,104,37,37,6.75641,4.48001
312,530,38,38,5.22726,2.92916
312,531,35,35,5.21179,2.86497
313,16,18,18,5.5728,1.33565
313,24,1,1,3.36151,1.588
313,92,17,17,6.36282,3.43616
313,104,17,17,8.15856,4.84156
313,530,19,19,6.98679,3.58433
313,531,17,17,7.2296,3.72963
314,16,36,36,5.24021,1.41898
314,24,1,1,4.38013,1.56227
314,92,34,34,6.41362,3.32531
314,104,37,37,7.61053,4.54973
314,530,34,34,7.56641,3.54119
314,531,39,39,7.59519,3.51054
315,16,34,34,4.76652,1.68756
315,24,4,4,3.47441,1.53653
315,92,35,35,5.98402,3.26296
315,104,35,35,7.57454,4.40898
315,530,34,34,7.47494,3.51932
315,531,38,38,7.45529,3.48315
316,16,36,36,4.92082,1.8858
316,24,1,1,3.74792,1.40157
316,92,36,36,6.08171,3.20753
316,104,37,37,7.64481,4.45006
316,530,36,36,7.53732,3.43355
316,531,38,38,7.70909,3.47831
317,16,35,35,4.40591,1.71632
317,92,37,37,5.76766,3.1383
317,104,38,38,7.53134,4.44255
317,530,37,37,7.06983,3.43778
317,531,35,35,7.22222,3.53923
318,16,37,37,4.72033,1.75463
318,24,2,2,3.05948,1.44113
318,92,32,32,5.77482,3.17292
318,104,36,36,7.02601,4.13796
318,530,38,38,7.50473,3.4277
318,531,36,36,7.37135,3.46353
319,16,38,38,4.40727,1.65916
319,24,2,2,2.76358,1.21515
319,92,34,34,5.54512,3.05417
319,104,36,36,7.23817,4.12743
319,530,34,34,7.18425,3.46907
319,531,35,35,7.4753,3.35101
320,16,37,37,3.98059,1.61218
320,92,36,36,5.44657,2.95552
320,104,37,37,6.82187,4.05557
320,530,34,34,7.4044,3.25832
320,531,37,37,7.20695,3.12867
321,16,37,37,3.98858,1.51981
321,24,3,3,2.75057,1.11514
321,92,37,37,5.27904,2.96304
321,104,38,38,6.68979,4.05227
321,530,34,34,7.15935,3.24002
321,531,37,37,6.98866,3.18244
322,16,36,36,3.54846,1.48962
322,24,1,1,3.32471,1.35641
322,92,36,36,5.23873,2.85195
322,104,37,37,6.51233,4.0533
322,530,35,35,6.85617,3.1942
322,531,36,36,6.67638,3.0448
323,16,37,37,3.5828,1.41692
323,92,36,36,5.41212,2.95774
323,104,36,36,6.51537,3.92101
323,530,35,35,6.92121,3.12206
323,531,36,36,6.84356,3.00904
324,16,38,38,3.21874,1.27213
324,92,36,36,5.7857,3.13035
324,104,38,38,7.09611,4.21434
324,530,37,37,6.86946,3.26623
324,531,36,36,7.24229,3.07556
325,16,35,35,3.44946,1.26393
325,24,2,2,3.35721,1.29988
325,92,38,38,5.58366,3.09386
325,104,37,37,7.02424,4.21371
325,530,36,36,6.73747,3.37342
325,531,36,36,6.29825,3.26999
326,16,34,34,3.5199,1.29616
326,24,1,1,2.58398,1.06514
326,92,34,34,6.22431,3.29347
326,104,37,37,7.16658,4.3636
326,530,36,36,6.49065,3.23735
326,531,37,37,6.37762,3.1689
327,16,39,39,2.99185,1.14028
327,92,36,36,5.87615,3.34355
327,104,34,34,7.44098,4.37072
327,530,36,36,6.13621,3.26521
327,531,36,36,6.14835,3.11464
328,16,34,34,2.96942,1.10504
328,24,1,1,3.74561,1.26224
328,92,37,37,6.32611,3.51237
328,104,37,37,7.33592,4.49291
328,530,35,35,6.26002,3.20434
328,531,35,35,5.97159,3.05139
329,16,36,36,2.39955,0.96143
329,24,1,1,3.01337,1.05132
329,92,35,35,6.14311,3.44421
329,104,36,36,7.45679,4.53675
329,530,35,35,6.15951,3.01499
329,531,37,37,6.11989,2.94751
330,16,34,34,2.5025,0.939662
330,24,1,1,8.98535,0.98918
330,92,34,34,6.39868,3.56608
330,104,35,35,7.34714,4.72781
330,530,38,38,5.92158,2.9913
330,531,34,34,5.67435,2.92834
331,16,7,7,2.24866,0.83715
331,92,10,10,5.82142,3.45029
331,104,10,10,6.68622,4.65326
331,530,8,8,5.76528,2.89071
331,531,10,10,5.53951,2.96933
333,16,19,19,5.13022,1.36151
333,24,1,1,3.43555,1.50013
333,92,16,16,6.95022,3.52455
333,104,17,17,8.15012,4.74989
333,530,19,19,6.33555,3.40655
333,531,20,20,7.27341,3.63624
334,16,35,35,5.0133,1.38119
334,92,34,34,6.48959,3.3837
334,104,38,38,7.88723,4.60961
334,530,37,37,7.26645,3.50523
334,531,37,37,6.78324,3.54654
335,16,34,34,5.22275,1.40554
335,92,34,34,6.84895,3.41299
335,104,37,37,8.21891,4.72333
335,530,36,36,7.35636,3.53183
335,531,33,33,7.61667,3.4826
336,16,36,36,4.70115,1.71768
336,24,1,1,3.00623,1.35011
336,92,35,35,6.10197,3.23925
336,104,38,38,7.58001,4.33958
336,530,37,37,7.3071,3.36404
336,531,36,36,7.06587,3.26508
337,16,35,35,5.29952,1.67524
337,24,1,1,3.33972,1.48507
337,92,37,37,6.13232,3.18868
337,104,36,36,7.80246,4.41407
337,530,37,37,7.03956,3.41413
337,531,39,39,7.12066,3.49733
338,16,35,35,5.14208,1.91627
338,24,2,2,3.56036,1.22583
338,92,36,36,6.09307,3.27596
338,104,36,36,7.78001,4.52189
338,530,35,35,7.32569,3.33795
338,531,37,37,7.26117,3.30468
339,16,36,36,4.53008,1.76056
339,92,36,36,6.05387,3.04811
339,104,35,35,7.47779,4.2519
339,530,36,36,7.31284,3.40687
339,531,34,34,7.47896,3.61232
340,16,37,37,4.58305,1.74628
340,24,2,2,3.35004,1.23615
340,92,34,34,5.90448,3.07675
340,104,37,37,7.6909,4.3262
340,530,38,38,7.18687,3.13681
340,531,39,39,7.29455,3.21805
341,16,35,35,4.12396,1.64567
341,24,1,1,2.0545,1.03941
341,92,34,34,5.61615,2.97831
341,104,35,35,6.84626,4.12984
341,530,36,36,6.56071,3.0764
341,531,36,36,6.99499,3.2358
342,16,35,35,3.99604,1.5212
342,24,2,2,3.24072,1.22898
342,92,37,37,5.6194,2.98151
342,104,35,35,6.92541,4.03076
342,530,35,35,7.14303,3.1281
342,531,36,36,7.01118,3.27988
343,16,39,39,3.66244,1.49533
343,92,36,36,5.42439,3.02241
343,104,33,33,6.97899,4.16788
343,530,36,36,6.49104,3.07232
343,531,36,36,6.91731,3.15775
344,16,38,38,4.07925,1.47615
344,92,37,37,5.86331,3.13964
344,104,37,37,7.06265,4.1693
344,530,35,35,6.68675,3.01543
344,531,38,38,6.78597,3.02122
345,16,35,35,3.83471,1.38717
345,92,35,35,5.89643,3.17655
345,104,36,36,7.02223,4.23476
345,530,36,36,6.78351,3.2748
345,531,38,38,7.03679,3.14597
346,16,35,35,3.50046,1.25417
346,24,1,1,2.91901,1.06514
346,92,36,36,5.82303,3.24213
346,104,36,36,7.17141,4.2832
346,530,37,37,6.84891,3.23017
346,531,36,36,6.9067,3.19071
347,16,34,34,3.6378,1.31285
347,24,1,1,2.69617,1.12728
347,92,36,36,6.06586,3.28274
347,104,37,37,7.45579,4.43544
347,530,37,37,6.9747,3.19274
347,531,37,37,6.92639,3.26665
348,16,37,37,3.0884,1.06272
348,24,1,1,2.83362,1.18942
348,92,36,36,6.31551,3.4017
348,104,36,36,7.6625,4.58445
348,530,37,37,6.61777,3.07934
348,531,34,34,6.19731,3.06196
349,16,36,36,3.34397,1.20078
349,24,1,1,2.99591,1.25156
349,92,37,37,6.36467,3.49397
349,104,35,35,7.74412,4.65078
349,530,36,36,6.27196,3.26102
349,531,38,38,6.60844,3.10449
350,16,14,14,3.41865,1.11856
350,24,2,2,2.90286,1.18785
350,92,17,17,6.2948,3.55322
350,104,18,18,7.51686,4.73103
350,530,16,16,5.91909,3.04416
350,531,18,18,6.28248,2.90776
352,16,19,19,4.52264,1.48125
352,24,1,1,3.00397,1.41226
352,92,19,19,6.15519,3.38014
352,104,18,18,7.78944,4.65036
352,530,20,20,6.82633,3.36314
352,531,18,18,7.16942,3.48154
353,16,35,35,5.29064,1.98098
353,24,2,2,3.66113,1.35011
353,92,37,37,6.16231,3.32136
353,104,35,35,7.85146,4.56018
353,530,37,37,7.20163,3.33088
353,531,37,37,6.96142,3.26515
354,16,34,34,4.78881,1.89135
354,92,38,38,6.25706,3.3019
354,104,35,35,8.02748,4.58754
354,530,36,36,6.58493,3.3232
354,531,36,36,6.92672,3.3575
355,16,35,35,5.02275,1.96667
355,24,1,1,3.49792,1.29865
355,92,37,37,6.26137,3.2793
355,104,35,35,7.54954,4.43103
355,530,37,37,7.06364,3.33175
355,531,35,35,7.21631,3.24535
356,16,34,34,4.57627,1.84286
356,24,1,1,2.7619,1.16369
356,92,37,37,6.00294,3.19561
356,104,36,36,7.59159,4.38851
356,530,37,37,7.06324,3.25676
356,531,36,36,6.99497,3.23414
357,16,39,39,4.39729,1.79354
357,24,1,1,2.90961,1.35641
357,92,36,36,6.04086,3.12692
357,104,36,36,7.4832,4.30161
357,530,34,34,6.95639,3.19239
357,531,37,37,6.9693,3.09044
358,16,33,33,4.70072,1.71782
358,24,1,1,2.56421,1.03941
358,92,36,36,5.7285,3.11681
358,104,34,34,7.21438,4.30706
358,530,37,37,6.65281,3.18373
358,531,35,35,7.06601,3.08694
359,16,35,35,4.08008,1.68079
359,24,1,1,3.4032,1.23213
359,92,35,35,5.66522,3.05927
359,104,36,36,7.12461,4.17543
359,530,37,37,6.90785,3.09438
359,531,39,39,6.55808,3.00288
360,16,37,37,4.37786,1.66233
360,24,1,1,1.9422,0.91513
360,92,39,39,5.94252,3.08685
360,104,38,38,7.13688,4.111
360,530,34,34,6.58218,3.07738
360,531,36,36,6.28532,2.93971
361,16,36,36,4.07485,1.67791
361,24,1,1,1.7818,0.85299
361,92,36,36,6.03332,3.20776
361,104,36,36,7.23684,4.22741
361,530,35,35,6.65009,3.10302
361,531,36,36,6.94673,2.93511
362,16,35,35,3.88874,1.60025
362,92,36,36,5.77361,3.1527
362,104,38,38,7.15465,4.1718
362,530,36,36,6.37514,3.10772
362,531,36,36,6.62312,2.93011
363,16,35,35,3.74231,1.31646
363,24,1,1,2.39319,0.76512
363,92,35,35,6.39323,3.29913
363,104,35,35,7.86639,4.49986
363,530,33,33,6.84691,2.98633
363,531,35,35,6.94356,2.98398
364,16,36,36,3.59674,1.23415
364,24,1,1,3.56152,0.92143
364,92,36,36,6.3801,3.35542
364,104,36,36,7.65883,4.49605
364,530,37,37,6.88294,3.03176
364,531,38,38,7.13503,3.0192
365,16,34,34,3.55954,1.23066
365,24,1,1,3.01685,0.8894
365,92,38,38,6.7204,3.4789
365,104,39,39,7.98962,4.55762
365,530,35,35,7.07226,2.99638
365,531,35,35,6.49891,2.89635
366,16,36,36,3.6378,1.19035
366,92,38,38,6.50503,3.52348
366,104,36,36,7.69439,4.52881
366,530,37,37,7.07668,3.08594
366,531,37,37,6.9436,2.96377
367,16,36,36,3.46814,1.11559
367,92,35,35,6.86671,3.65485
367,104,35,35,8.35818,4.74458
367,530,37,37,7.09386,2.99924
367,531,36,36,7.10683,2.9472
368,16,17,17,3.30114,0.96143
368,92,19,19,6.80991,3.58714
368,104,16,16,8.24229,4.64811
368,530,17,17,6.66689,2.99306
368,531,18,18,7.19001,3.04771
370,16,18,18,4.7509,1.37902
370,24,2,2,2.78058,1.32439
370,92,19,19,6.81343,3.48109
370,104,17,17,8.37219,4.81075
370,530,17,17,6.88431,3.23406
370,531,19,19,7.00112,3.20438
371,16,34,34,5.05017,1.88852
371,24,2,2,2.82013,1.29865
371,92,36,36,6.39671,3.36917
371,104,36,36,7.86436,4.56267
371,530,36,36,6.22819,3.26901
371,531,36,36,6.79518,3.36862
372,16,38,38,5.21962,1.77072
372,24,1,1,3.64636,1.36079
372,92,37,37,6.66174,3.43717
372,104,36,36,7.96338,4.57278
372,530,36,36,6.71484,3.32534
372,531,38,38,7.00333,3.32492
373,16,37,37,5.37809,1.78493
373,92,38,38,6.68185,3.47709
373,104,33,33,8.22541,4.5882
373,530,38,38,6.89272,3.34773
373,531,37,37,6.87149,3.17811
374,16,37,37,5.21994,1.7023
374,24,1,1,2.98071,1.48507
374,92,35,35,6.42717,3.26319
374,104,36,36,7.58314,4.40127
374,530,35,35,6.77411,3.30293
374,531,34,34,7.55643,3.23684
375,16,40,40,5.25748,1.9306
375,24,1,1,3.72107,1.12291
375,92,36,36,6.52229,3.34142
375,104,33,33,7.89226,4.43458
375,530,36,36,7.17811,3.22396
375,531,36,36,7.04334,3.02392
376,16,36,36,4.34679,1.78884
376,92,38,38,5.77812,3.13935
376,104,34,34,7.12709,4.33915
376,530,34,34,6.5992,2.96322
376,531,33,33,6.38694,3.00261
377,16,37,37,4.4416,1.72998
377,24,4,4,2.61293,1.14111
377,92,34,34,5.93773,3.13726
377,104,34,34,7.32806,4.24592
377,530,38,38,6.62137,3.20444
377,531,34,34,6.89727,2.99408
378,16,34,34,4.45124,1.84475
378,92,35,35,6.25379,3.21728
378,104,37,37,7.60623,4.41097
378,530,36,36,6.91535,3.19746
378,531,35,35,6.43754,3.00076
379,16,37,37,4.54466,1.72022
379,24,3,3,2.80436,1.1886
379,92,35,35,6.17424,3.20302
379,104,37,37,7.63098,4.4423
379,530,35,35,6.50475,2.9847
379,531,34,34,6.53967,3.0316
380,16,38,38,4.08365,1.81352
380,24,1,1,1.64386,0.70298
380,92,37,37,5.85062,3.20168
380,104,37,37,7.67057,4.42937
380,530,36,36,6.38241,2.86095
380,531,36,36,6.0524,2.75443
381,16,34,34,4.33881,1.67589
381,92,37,37,6.02757,3.24841
381,104,38,38,7.56052,4.47428
381,530,38,38,6.23529,2.98482
381,531,37,37,6.83767,2.92568
382,16,36,36,4.38994,1.58226
382,92,35,35,6.27832,3.31386
382,104,38,38,7.57555,4.52348
382,530,37,37,6.67834,3.07711
382,531,36,36,6.604,2.90547
383,16,35,35,3.80636,1.25462
383,24,2,2,2.57544,0.874345
383,92,36,36,6.37848,3.48397
383,104,37,37,7.96126,4.62889
383,530,37,37,6.6888,2.94389
383,531,35,35,6.98422,2.89566
384,16,37,37,3.99211,1.28666
384,24,1,1,2.81024,0.67287
384,92,35,35,6.46781,3.50681
384,104,37,37,7.9193,4.5747
384,530,36,36,7.0202,2.87175
384,531,36,36,6.77536,2.9087
385,16,19,19,3.66134,1.13364
385,24,2,2,2.59259,0.837935
385,92,19,19,6.73637,3.54337
385,104,17,17,8.50689,4.73956
385,530,19,19,6.92403,2.98834
385,531,17,17,7.23656,2.88316
387,16,38,38,5.07714,1.95157
387,92,34,34,6.71471,3.42063
387,104,38,38,7.61595,4.61556
387,530,37,37,6.89603,3.16029
387,531,34,34,6.4957,3.11418
388,16,35,35,5.06191,2.06212
388,24,3,3,3.39174,1.36079
388,92,37,37,6.59736,3.50872
388,104,34,34,7.91571,4.63427
388,530,37,37,6.66165,3.12937
388,531,37,37,6.83952,3.16967
389,16,36,36,4.8098,1.89534
389,24,3,3,2.70195,1.11077
389,92,37,37,6.52861,3.38017
389,104,38,38,7.74388,4.48274
389,530,38,38,6.75914,3.03428
389,531,37,37,6.89048,3.0524
390,16,37,37,4.59215,1.95171
390,92,38,38,6.08729,3.24692
390,104,36,36,7.33284,4.37839
390,530,38,38,6.53729,3.07047
390,531,38,38,6.28673,2.94117
391,16,39,39,4.43336,1.98826
391,24,2,2,2.25146,0.90008
391,92,37,37,6.07949,3.32856
391,104,34,34,7.77066,4.41542
391,530,36,36,6.63233,2.90282
391,531,37,37,6.15177,2.83422
392,16,33,33,4.42937,1.94232
392,92,36,36,6.45476,3.34421
392,104,35,35,7.5923,4.45906
392,530,37,37,6.16767,2.93833
392,531,34,34,6.33844,2.81281
393,16,39,39,4.37791,2.02336
393,92,37,37,6.44668,3.4224
393,104,36,36,7.69278,4.44447
393,530,35,35,6.1742,3.05702
393,531,33,33,6.31028,2.80051
394,16,38,38,4.56986,1.94794
394,24,3,3,2.01965,0.75007
394,92,37,37,6.42657,3.37569
394,104,37,37,7.65011,4.48735
394,530,37,37,6.3664,2.83189
394,531,35,35,6.46639,2.79484
395,16,36,36,4.36611,1.85416
395,92,35,35,6.29716,3.36073
395,104,37,37,7.50286,4.5072
395,530,36,36,5.96816,2.83645
395,531,37,37,6.30041,2.67855
396,16,36,36,4.24774,1.72148
396,24,1,1,1.74512,0.73939
396,92,35,35,6.28997,3.44728
396,104,34,34,7.71636,4.51791
396,530,34,34,6.28232,3.08303
396,531,39,39,6.12551,2.83636
397,16,36,36,4.09311,1.30588
397,92,34,34,6.82758,3.51736
397,104,34,34,8.11357,4.63859
397,530,38,38,6.61442,2.82953
397,531,37,37,6.4992,2.72235
398,16,17,17,4.78878,2.16718
398,92,18,18,6.53815,3.49281
398,104,15,15,7.72665,4.57298
398,530,20,20,5.77898,3.15897
398,531,18,18,6.15693,2.95279
399,16,37,37,4.89113,2.07214
399,24,1,1,2.97742,1.08649
399,92,37,37,6.64834,3.5762
399,104,35,35,7.69965,4.65454
399,530,36,36,6.50748,2.99947
399,531,35,35,6.53731,3.00092
400,16,35,35,4.58295,2.07369
400,24,1,1,2.0556,1.02435
400,92,35,35,6.75732,3.51034
400,104,38,38,7.96383,4.53431
400,530,34,34,6.66171,3.23887
400,531,35,35,6.41741,2.9984
401,16,38,38,4.6727,2.03573
401,92,35,35,6.29141,3.26585
401,104,36,36,7.52741,4.42466
401,530,36,36,6.33326,2.90946
401,531,36,36,6.45937,2.96091
402,16,36,36,4.56084,2.09684
402,24,1,1,2.06079,0.90007
402,92,35,35,5.99392,3.29591
402,104,36,36,7.2809,4.38095
402,530,39,39,6.48672,3.07358
402,531,37,37,6.38071,2.80584
403,16,35,35,4.69271,2.13373
403,92,38,38,6.68237,3.42158
403,104,35,35,7.91796,4.49792
403,530,37,37,6.2979,2.91007
403,531,35,35,6.65155,2.92141
404,16,38,38,4.67361,2.10783
404,24,2,2,1.74915,0.77579
404,92,35,35,6.87035,3.55719
404,104,34,34,7.96041,4.54912
404,530,36,36,6.32087,3.0675
404,531,37,37,6.59777,2.89564
405,16,36,36,4.31599,1.9882
405,24,3,3,2.14705,0.78647
405,92,37,37,6.72692,3.48781
405,104,37,37,8.0733,4.59527
405,530,38,38,6.23518,2.79136
405,531,34,34,6.07801,2.75507
406,16,35,35,4.01563,1.92772
406,24,2,2,2.15616,0.72433
406,92,36,36,6.67882,3.5722
406,104,36,36,8.17179,4.66471
406,530,31,31,6.50565,2.89711
406,531,34,34,6.19251,2.80713
407,16,35,35,3.96729,1.86325
407,24,1,1,2.19049,0.66219
407,92,35,35,6.90773,3.69155
407,104,35,35,7.81494,4.62631
407,530,36,36,5.8939,2.60722
407,531,35,35,5.94257,2.88115
408,16,35,35,3.93354,1.79861
408,92,34,34,6.79849,3.47331
408,104,37,37,7.77178,4.59948
408,530,36,36,5.98017,2.78337
408,531,36,36,5.79569,2.71041
409,16,36,36,4.05021,1.80663
409,24,2,2,1.89294,0.581845
409,92,36,36,6.96759,3.59178
409,104,36,36,7.93882,4.58605
409,530,36,36,6.39196,2.76319
409,531,35,35,6.04138,2.51032
410,16,35,35,4.04226,1.75804
410,24,2,2,1.55179,0.56364
410,92,36,36,7.00412,3.71004
410,104,39,39,8.26261,4.85326
410,530,35,35,5.8903,2.6764
410,531,38,38,6.09348,2.5653
411,16,19,19,4.44477,1.68895
411,92,17,17,7.10734,3.75644
411,104,18,18,8.10464,4.68097
411,530,18,18,5.93903,2.60221
411,531,19,19,6.16493,2.51777
413,16,17,17,4.4175,2.21925
413,24,1,1,2.78674,1.23647
413,92,16,16,6.79147,3.63913
413,104,17,17,7.91812,4.7013
413,530,17,17,6.29989,3.11402
413,531,17,17,6.63538,2.92122
414,16,36,36,4.89468,2.24847
414,92,37,37,6.90542,3.64344
414,104,36,36,7.96623,4.52667
414,530,37,37,5.77823,2.99818
414,531,34,34,6.3006,3.01974
415,16,34,34,4.86467,2.25016
415,92,35,35,7.19569,3.76875
415,104,35,35,8.12101,4.6191
415,530,34,34,6.29089,2.95743
415,531,37,37,6.33158,2.92672
416,16,35,35,4.37356,2.03094
416,24,1,1,2.39026,0.98357
416,92,39,39,6.40422,3.54134
416,104,33,33,7.24783,4.43875
416,530,37,37,6.1559,2.82176
416,531,38,38,5.96305,2.84224
417,16,35,35,4.73289,2.07577
417,24,1,1,2.38232,0.97289
417,92,38,38,6.49823,3.62223
417,104,36,36,7.35146,4.51661
417,530,37,37,6.19082,2.9427
417,531,35,35,5.75902,2.81423
418,16,36,36,4.538,2.06399
418,24,1,1,2.76056,1.10785
418,92,34,34,7.08132,3.67405
418,104,35,35,7.75631,4.519
418,530,36,36,6.21195,2.84405
418,531,37,37,6.25519,2.90302
419,16,39,39,4.72258,2.10012
419,92,34,34,7.16131,3.65894
419,104,34,34,8.04552,4.62558
419,530,37,37,6.33948,3.00984
419,531,35,35,6.32385,2.89368
420,16,36,36,4.39714,1.92495
420,92,36,36,7.20124,3.76552
420,104,34,34,8.05708,4.6321
420,530,37,37,6.14232,2.82224
420,531,38,38,6.01279,2.72673
421,16,34,34,4.484,1.94093
421,24,1,1,1.78333,0.65151
421,92,37,37,6.95512,3.68323
421,104,35,35,8.26292,4.72856
421,530,32,32,6.29975,2.76835
421,531,37,37,6.3438,2.788
422,16,36,36,4.02583,1.80311
422,92,33,33,7.03039,3.82514
422,104,38,38,7.832,4.67336
422,530,35,35,6.1885,2.61983
422,531,36,36,5.79214,2.47614
423,16,34,34,3.63893,1.73794
423,24,1,1,2.02979,0.67287
423,92,37,37,6.60153,3.61687
423,104,35,35,7.62681,4.67512
423,530,38,38,5.40169,2.54143
423,531,35,35,5.68825,2.51245
424,16,36,36,3.72744,1.71401
424,92,34,34,6.54785,3.67505
424,104,37,37,7.90635,4.63402
424,530,36,36,5.57109,2.55848
424,531,37,37,5.60684,2.4667
425,16,16,16,4.01022,1.7576
425,24,1,1,1.08112,0.56364
425,92,18,18,6.98369,3.67308
425,104,18,18,8.00107,4.69237
425,530,17,17,5.21732,2.68882
425,531,17,17,5.43602,2.4541
427,16,16,16,4.19677,2.14236
427,92,17,17,7.0177,3.74976
427,104,22,22,7.67302,4.58593
427,530,19,19,5.78844,2.80222
427,531,16,16,6.12162,2.81194
428,16,36,36,4.15037,2.14188
428,92,39,39,6.81281,3.66308
428,104,34,34,7.42403,4.49294
428,530,35,35,6.31113,2.97676
428,531,35,35,5.9559,2.76745
429,16,38,38,4.20684,2.08207
429,92,35,35,6.95743,3.63755
429,104,38,38,7.4994,4.42331
429,530,36,36,6.13914,2.85067
429,531,35,35,6.11866,2.69207
430,16,36,36,4.42583,2.05209
430,92,36,36,6.82706,3.51097
430,104,36,36,7.80892,4.5883
430,530,37,37,6.27571,2.75819
430,531,36,36,6.33428,2.6799
431,16,35,35,4.152,1.98799
431,24,1,1,1.55487,0.72433
431,92,35,35,7.25406,3.97113
431,104,36,36,7.8848,4.68074
431,530,37,37,5.91525,2.68984
431,531,36,36,5.81059,2.6921
432,16,37,37,4.15489,1.92549
432,92,39,39,7.09168,3.73597
432,104,37,37,7.99247,4.73562
432,530,35,35,5.78953,2.67627
432,531,38,38,6.23465,2.74671
433,16,38,38,3.74695,1.86944
433,24,1,1,1.31238,0.60005
433,92,34,34,7.10941,3.99432
433,104,38,38,8.33159,4.91298
433,530,36,36,5.71562,2.66383
433,531,36,36,5.52221,2.67128
434,16,35,35,3.98269,1.79568
434,24,2,2,1.45792,0.57432
434,92,36,36,6.85962,3.79919
434,104,36,36,8.18994,4.90188
434,530,36,36,5.94378,2.63725
434,531,37,37,5.7963,2.47853
435,16,35,35,3.5876,1.73061
435,24,1,1,0.971375,0.47577
435,92,36,36,7.05123,3.96689
435,104,37,37,8.11512,4.918
435,530,34,34,5.41123,2.63927
435,531,37,37,5.62864,2.5718
436,16,37,37,3.31793,1.68405
436,92,35,35,6.88756,3.90745
436,104,34,34,7.73298,4.98905
436,530,37,37,4.91764,2.42734
436,531,36,36,5.44777,2.42031
437,16,35,35,3.59585,1.61386
437,92,35,35,6.51569,3.82531
437,104,34,34,8.03527,4.83796
437,530,38,38,4.88567,2.71567
437,531,38,38,5.17512,2.28014
438,16,17,17,3.74655,1.69146
438,92,20,20,7.36794,4.19877
438,104,16,16,8.02602,5.18158
438,530,20,20,5.15259,2.37102
438,531,19,19,5.28091,2.30562
440,16,18,18,3.89783,2.04351
440,92,18,18,7.28256,4.02329
440,104,20,20,7.25551,4.583
440,530,20,20,5.41825,2.82505
440,531,16,16,5.58071,2.67078
441,16,38,38,4.18427,2.05859
441,92,37,37,6.94396,3.81285
441,104,35,35,7.49378,4.44817
441,530,37,37,5.30999,2.67619
441,531,37,37,5.69214,2.67991
442,16,36,36,4.23057,2.0848
442,24,1,1,1.9295,0.92143
442,92,35,35,6.74284,3.7123
442,104,34,34,7.61247,4.55641
442,530,37,37,5.56288,2.72786
442,531,38,38,5.79029,2.86442
443,16,36,36,3.93285,1.8935
443,24,2,2,1.83972,0.73501
443,92,34,34,7.13058,3.79696
443,104,32,32,8.16448,4.69694
443,530,37,37,5.6232,2.70597
443,531,36,36,5.48723,2.6815
444,16,33,33,4.19646,1.95564
444,24,1,1,1.91547,0.79715
444,92,37,37,7.60897,4.04094
444,104,36,36,7.77858,4.64094
444,530,39,39,6.13044,2.83239
444,531,36,36,6.15179,2.59263
445,16,37,37,3.77173,1.76922
445,92,36,36,7.20313,4.11789
445,104,37,37,7.94522,4.80677
445,530,37,37,5.55343,2.56442
445,531,39,39,5.88113,2.85853
446,16,39,39,3.99889,1.83136
446,24,3,3,1.61589,0.624323
446,92,35,35,7.4167,4.20968
446,104,39,39,8.02065,4.73424
446,530,34,34,5.81044,2.78059
446,531,35,35,5.78909,2.62353
447,16,35,35,3.57524,1.64494
447,24,1,1,1.26678,0.48645
447,92,35,35,7.04017,4.01158
447,104,35,35,7.7561,4.97806
447,530,35,35,5.22688,2.61025
447,531,35,35,5.66049,2.57219
448,16,35,35,3.56268,1.71755
448,24,2,2,1.44714,0.51218
448,92,35,35,7.29644,4.06999
448,104,37,37,8.1168,5.11335
448,530,35,35,5.45257,2.57049
448,531,36,36,5.44744,2.58386
449,16,36,36,3.13254,1.52066
449,24,2,2,1.00162,0.36217
449,92,34,34,7.05724,4.38355
449,104,37,37,7.56804,4.83493
449,530,36,36,4.97687,2.33147
449,531,36,36,5.14014,2.56441
450,16,18,18,2.87749,1.5565
450,24,1,1,0.501953,0.26362
450,92,18,18,7.33501,4.35729
450,104,18,18,7.53555,4.82221
450,530,15,15,5.26716,2.47502
450,531,20,20,4.76731,2.34702
452,16,15,15,3.58148,1.8935
452,24,1,1,1.51038,0.73501
452,92,18,18,6.43326,3.98879
452,104,21,21,7.32094,4.57891
452,530,19,19,5.52713,2.63293
452,531,18,18,5.39935,2.87029
453,16,18,18,3.91279,1.90203
453,24,2,2,1.53989,0.67287
453,92,20,20,6.9197,3.97862
453,104,17,17,7.20597,4.54686
453,530,19,19,5.36572,2.84641
453,531,18,18,5.69403,2.6543
454,16,20,20,3.208,1.76922
454,24,2,2,1.22528,0.61073
454,92,18,18,7.0638,3.99143
454,104,16,16,7.48535,4.68884
454,530,19,19,5.45098,2.72151
454,531,20,20,5.3265,2.5036
455,16,16,16,3.43173,1.70708
455,24,2,2,1.28159,0.54859
455,92,17,17,7.55675,4.01276
455,104,17,17,7.77853,4.77694
455,530,18,18,5.25905,2.51174
455,531,15,15,5.93689,2.79192
456,16,18,18,3.08451,1.5828
456,92,16,16,7.32387,4.06874
456,104,17,17,7.38301,4.82401
456,530,19,19,5.22719,2.53591
456,531,18,18,4.8437,2.62655
457,16,17,17,2.91817,1.52066
457,24,2,2,0.819397,0.36217
457,92,18,18,7.05522,4.41677
457,104,16,16,8.02109,5.0209
457,530,20,20,4.82482,2.46666
457,531,16,16,5.03382,2.26399
458,16,17,17,2.51998,1.45852
458,24,1,1,0.67688,0.30003
458,92,18,18,7.06922,4.25209
458,104,18,18,7.41928,4.9122
458,530,19,19,4.54928,2.26933
458,531,20,20,4.76255,2.50182
459,16,33,33,4.31863,0.824494
459,92,33,33,7.03881,3.59039
459,104,33,33,8.09801,4.84566
459,530,34,34,6.70876,3.4217
459,531,32,32,6.88114,3.45806
461,16,32,32,4.20411,1.09212
461,24,1,1,3.08411,1.56912
461,92,33,33,6.97977,3.64889
461,104,33,33,8.15332,4.73158
461,530,33,33,6.4273,3.3514
461,531,33,33,6.3686,3.34927
466,16,65,65,4.68062,1.16
466,24,3,3,3.02285,1.55329
466,92,69,69,6.81707,3.57474
466,104,63,63,7.83488,4.73871
466,530,66,66,6.27415,3.24039
466,531,63,63,6.23916,3.24819
467,16,32,32,4.9742,1.52733
467,92,35,35,6.66472,3.55165
467,104,36,36,7.66477,4.63817
467,530,34,34,5.88295,3.08801
467,531,31,31,6.23895,3.11224
468,16,32,32,5.00792,1.83015
468,24,2,2,2.55478,1.21454
468,92,33,33,6.92139,3.60915
468,104,33,33,7.6674,4.64911
468,530,31,31,5.93924,3.10398
468,531,34,34,5.80668,3.04094
469,16,31,31,4.81171,2.27626
469,24,2,2,2.47653,1.12667
469,92,31,31,7.20459,4.07772
469,104,34,34,7.54896,4.72
469,530,31,31,5.63471,2.92207
469,531,33,33,5.77249,2.95472
470,16,32,32,4.42049,2.20406
470,24,1,1,2.38159,1.0388
470,92,33,33,7.2284,3.94188
470,104,33,33,7.51611,4.72559
470,530,35,35,5.79117,2.97654
470,531,33,33,6.80411,2.91924
471,16,36,36,4.56252,2.12991
471,24,2,2,2.46387,1.05927
471,92,31,31,7.18145,3.98831
471,104,32,32,7.62478,4.65903
471,530,34,34,5.4895,2.97607
471,531,32,32,5.58359,2.80839
473,16,3,3,4.73826,2.09455
473,92,2,2,6.78632,4.07352
473,104,4,4,7.29523,4.48925
473,530,3,3,4.96202,2.45052
473,531,3,3,3.73641,2.46483
474,16,4,4,4.14255,1.9556
474,92,7,7,7.47409,4.40532
474,104,3,3,8.17358,4.51488
474,530,5,5,5.47439,2.49576
474,531,3,3,5.54677,2.308
475,16,3,3,3.07949,1.83133
475,92,3,3,6.92495,4.31727
475,104,6,6,6.01231,4.43051
475,530,6,6,5.29735,2.40682
475,531,5,5,5.13201,2.33782
476,16,3,3,3.78101,1.70706
476,92,7,7,6.07161,4.37823
476,104,5,5,8.00162,4.64164
476,530,3,3,4.72583,2.35218
476,531,5,5,4.15374,2.30127
477,16,3,3,2.70496,1.58279
477,92,5,5,6.51106,4.06873
477,104,5,5,5.94795,4.6272
477,530,2,2,5.13751,2.26933
477,531,5,5,3.34125,2.24565
480,16,1,1,2.79376,2.01774
480,92,1,1,7.10669,4.50368
480,104,3,3,6.99937,4.32091
480,530,2,2,4.6911,2.23654
480,531,2,2,3.83994,2.16906
481,16,5,5,2.80168,1.9556
481,92,4,4,7.39189,4.2704
481,104,2,2,5.30075,4.30624
481,530,4,4,3.64468,2.26738
481,531,4,4,4.09462,2.17812
482,16,2,2,3.19489,1.83133
482,92,3,3,9.54472,4.66663
482,104,3,3,5.37152,4.57749
482,530,5,5,3.89525,2.14506
482,531,2,2,3.87579,2.07758
483,16,4,4,3.67708,1.92454
483,92,5,5,7.89933,4.46274
483,104,5,5,6.0323,4.45322
483,530,4,4,4.07388,2.02079
483,531,3,3,4.69773,1.95331
486,16,4,4,3.3221,2.07987
486,92,5,5,9.14773,4.65298
486,104,4,4,5.64679,4.26898
486,530,3,3,4.20101,2.11342
486,531,4,4,4.01755,2.04199
487,16,5,5,4.00381,1.9556
487,92,6,6,7.37576,4.5748
487,104,3,3,6.81521,4.45322
487,530,1,1,2.6803,2.02079
487,531,2,2,2.6586,1.95331
488,16,4,4,3.64322,1.83133
488,92,2,2,6.9162,4.31727
488,104,4,4,5.44392,4.31594
488,530,3,3,3.3075,1.89652
488,531,5,5,3.8042,1.9474
491,16,1,1,4.39539,2.14201
491,92,3,3,6.86593,4.57738
491,104,3,3,6.59153,4.04303
491,530,4,4,3.16486,1.95866
491,531,4,4,3.53525,1.89118
492,16,4,4,3.96043,2.07987
492,92,3,3,8.08618,4.74948
492,104,3,3,7.38989,4.22875
492,530,5,5,4.0174,1.98832
492,531,3,3,4.6308,1.82904
493,16,6,6,3.83354,2.01774
493,92,4,4,7.00768,4.85433
493,104,3,3,5.33411,4.20468
493,530,1,1,2.2915,1.77225
493,531,5,5,2.15549,1.70477
496,16,5,5,4.4105,2.20414
496,92,3,3,8.79258,4.67142
496,104,5,5,5.40806,3.90409
496,530,3,3,4.92747,2.0081
496,531,4,4,3.30396,1.95331
497,16,5,5,4.5986,2.07987
497,92,4,4,7.48253,4.84131
497,104,6,6,6.43893,4.32895
497,530,4,4,3.95537,1.89652
497,531,5,5,3.44884,1.82904
500,16,3,3,4.46613,2.15669
500,92,5,5,6.57964,4.01848
500,104,3,3,6.30277,4.39061
500,530,4,4,3.39903,2.30359
500,531,6,6,3.90963,2.32291
501,16,2,2,4.40784,2.21882
501,92,5,5,7.13562,4.10184
501,104,1,1,4.90076,4.04302
501,530,4,4,4.99301,2.14068
501,531,2,2,2.91296,2.17801
502,16,2,2,4.05841,2.28096
502,92,4,4,6.26068,4.48796
502,104,5,5,6.91627,4.02927
502,530,4,4,4.78928,2.00174
502,531,3,3,2.88857,2.04801
503,16,8,8,5.0154,2.48291
503,92,3,3,7.99392,4.88551
503,104,6,6,5.56351,3.76514
503,530,3,3,4.85173,1.8628
503,531,3,3,3.39256,1.90907
530,59,95,95,2.18084,1.5168
530,88,97,97,4.20696,2.59574
530,459,77,77,4.77065,3.42195
530,461,75,75,4.5628,3.30147
530,466,150,150,4.4064,3.2136
530,467,77,77,4.27448,3.10376
530,468,75,75,4.12486,3.01731
530,469,76,76,3.98083,2.95169
530,470,75,75,3.82042,2.84439
530,471,75,75,3.65966,2.8581
530,473,6,6,3.23374,2.45229
530,474,3,3,3.1911,2.31334
530,475,2,2,3.12668,2.58001
530,476,4,4,2.86842,2.45575
530,477,3,3,2.60264,2.33147
530,480,2,2,2.89764,2.1744
530,481,3,3,2.98364,2.15973
530,482,1,1,2.70862,2.08292
530,483,1,1,2.48254,1.95865
530,486,3,3,2.61139,2.03546
530,487,5,5,2.48041,1.95865
530,488,7,7,2.21475,1.83438
530,491,1,1,2.35913,1.89652
530,492,4,4,2.24783,1.83438
530,493,2,2,1.9649,1.71011
530,496,6,6,2.48909,1.95865
530,497,4,4,2.26627,1.83438
530,500,7,7,3.02747,2.31335
530,501,3,3,2.81757,2.17441
530,502,5,5,2.6282,2.03547
530,503,3,3,2.71584,2.09159
531,59,93,93,2.24183,1.58428
531,88,93,93,4.28033,2.66322
531,459,76,76,4.75102,3.37567
531,461,76,76,4.53933,3.2552
531,466,151,151,4.38613,3.16733
531,467,75,75,4.21922,3.05749
531,468,75,75,4.05284,2.97245
531,469,76,76,3.94861,2.90125
531,470,75,75,3.75563,2.79812
531,471,75,75,3.62327,2.81183
531,473,3,3,3.20953,2.40602
531,474,6,6,3.18132,2.26707
531,475,4,4,3.06256,2.53375
531,476,4,4,2.80252,2.40948
531,477,6,6,2.5425,2.2852
531,480,3,3,2.92204,2.12813
531,481,1,1,2.86426,2.11346
531,482,1,1,2.71753,2.03665
531,483,3,3,2.46617,1.91238
531,486,4,4,2.57884,1.98919
531,487,3,3,2.40745,1.91238
531,488,4,4,2.21191,1.78811
531,491,4,4,2.34628,1.85025
531,492,5,5,2.17875,1.78811
531,493,4,4,1.98599,1.66384
531,496,4,4,2.43965,1.91238
531,497,2,2,2.16983,1.78811
531,500,2,2,2.96863,2.26708
531,501,2,2,2.85599,2.12814
531,502,3,3,2.67163,1.9892
531,503,4,4,2.71657,2.05133
